source,target,source_year
W2099544624,W2135283973,2007
W2099544624,W1814179330,2007
W2099544624,W2074707348,2007
W2099544624,W205417527,2007
W2099544624,W3150996888,2007
W2099544624,W6674723651,2007
W2099544624,W6630659165,2007
W2099544624,W4234626423,2007
W2099544624,W1540784569,2007
W2099544624,W6629210486,2007
W2099544624,W3151224251,2007
W2099544624,W6601013719,2007
W2099544624,W3142510942,2007
W2099544624,W2108838460,2007
W2099544624,W2117764062,2007
W2099544624,W24274776,2007
W2099544624,W2113001609,2007
W2099544624,W2095975428,2007
W2099544624,W2105154858,2007
W2099544624,W1510317948,2007
W2099544624,W1490482062,2007
W2099544624,W2053384548,2007
W2132353937,W2151428732,2007
W2132353937,W6604552168,2007
W2132353937,W2086738959,2007
W2132353937,W2293114155,2007
W2132353937,W2151259430,2007
W2132353937,W2169563259,2007
W2132353937,W2997077506,2007
W2132353937,W6686088456,2007
W2132353937,W1755572302,2007
W2132353937,W2132779024,2007
W2132353937,W2159562125,2007
W2132353937,W2148665211,2007
W2132353937,W2004158027,2007
W2132353937,W2070604790,2007
W2132353937,W4232696329,2007
W2132353937,W2154188854,2007
W2132353937,W2140153585,2007
W2132353937,W2100115174,2007
W2132353937,W112917032,2007
W2132353937,W2997095758,2007
W2132353937,W1572639095,2007
W2132353937,W2087597683,2007
W2132353937,W2183651522,2007
W2132353937,W2242047952,2007
W2132353937,W1509348956,2007
W2104927667,W2154841872,2007
W2104927667,W4253256118,2007
W2104927667,W4255530795,2007
W2104927667,W2145023731,2007
W2104927667,W6735948361,2007
W2104927667,W2161141071,2007
W2104927667,W1981208596,2007
W2104927667,W2998590421,2007
W2104927667,W2072420340,2007
W2104927667,W2235424849,2007
W2104927667,W4231110485,2007
W2104927667,W2103203534,2007
W2104927667,W4250618567,2007
W2104927667,W2080810148,2007
W2104927667,W2104441030,2007
W2104927667,W2015984841,2007
W2104927667,W4255388695,2007
W2104927667,W2003370853,2007
W2104927667,W1626653188,2007
W2104927667,W6675874499,2007
W2104927667,W6682157854,2007
W2104927667,W2056164968,2007
W2104927667,W4253157070,2007
W2104927667,W2047242678,2007
W2104927667,W4243697203,2007
W2104927667,W2230364868,2007
W2104927667,W3004076791,2007
W2104927667,W2053385239,2007
W2104927667,W6632021140,2007
W2104927667,W2163322877,2007
W2104927667,W2169785801,2007
W2104927667,W4250298056,2007
W2104927667,W7052210000,2007
W2104927667,W2023376726,2007
W2104927667,W2056654827,2007
W2104927667,W2104307647,2007
W2104927667,W1912568406,2007
W2104927667,W1536418884,2007
W2104927667,W2153283108,2007
W2104927667,W2602797781,2007
W2104927667,W1981220214,2007
W2104927667,W2282739418,2007
W2104927667,W1655654231,2007
W2104927667,W2333706449,2007
W2104927667,W1565212980,2007
W2104927667,W2116680597,2007
W2104927667,W2122076394,2007
W2104927667,W1984713107,2007
W2104927667,W2138245408,2007
W2104927667,W2097754443,2007
W2104927667,W2141364561,2007
W2104927667,W2147354080,2007
W2104927667,W2243570189,2007
W2135779886,W2171602937,2007
W2135779886,W2014365926,2007
W2135779886,W6633453056,2007
W2135779886,W4235297845,2007
W2135779886,W2171545032,2007
W2135779886,W2102452998,2007
W2135779886,W2126290068,2007
W2135779886,W2126560733,2007
W2135779886,W4256649425,2007
W2135779886,W4248980853,2007
W2135779886,W2033442452,2007
W2135779886,W1587607239,2007
W2135779886,W3141126631,2007
W2135779886,W2128769229,2007
W2135779886,W1556723579,2007
W2135779886,W1872223894,2007
W2135779886,W1989977036,2007
W2135779886,W1526083711,2007
W2135779886,W2146354725,2007
W2135779886,W4246753709,2007
W2135779886,W398762484,2007
W2135779886,W1556040028,2007
W2108107042,W2042071294,2007
W2108107042,W6676466292,2007
W2108107042,W1926331471,2007
W2108107042,W2109324451,2007
W2108107042,W2143516773,2007
W2108107042,W1973018590,2007
W2108107042,W2295216480,2007
W2108107042,W2036345186,2007
W2108107042,W2235901111,2007
W2108107042,W2025034421,2007
W2108107042,W6687006417,2007
W2108107042,W1965601904,2007
W2108107042,W2913772345,2007
W2108107042,W1998855437,2007
W2108107042,W2111258217,2007
W2108107042,W2024060531,2007
W2108107042,W2237825899,2007
W2108107042,W2229412420,2007
W2108107042,W2124981330,2007
W2108107042,W2088397521,2007
W2108107042,W1598893639,2007
W2108107042,W6631718470,2007
W2108107042,W3145373705,2007
W2108107042,W6634754684,2007
W2108107042,W4229612647,2007
W2108107042,W6684864312,2007
W2108107042,W3141135722,2007
W2108107042,W3142132134,2007
W2108107042,W2086518481,2007
W2108107042,W1972732662,2007
W2108107042,W2094190691,2007
W2108107042,W1531390099,2007
W2108107042,W2167869682,2007
W2108107042,W1582228305,2007
W2108107042,W2126503441,2007
W2108107042,W2108056409,2007
W2108107042,W2187275404,2007
W2108107042,W2099647480,2007
W2108107042,W1993557430,2007
W2113171990,W2106281550,2007
W2113171990,W2109488344,2007
W2113171990,W2112940138,2007
W2113171990,W2136771689,2007
W2113171990,W2293447578,2007
W2113171990,W2150069529,2007
W2113171990,W2168955772,2007
W2113171990,W1977003073,2007
W2113171990,W2169177915,2007
W2113171990,W2114039576,2007
W2113171990,W4243432123,2007
W2113171990,W2942909150,2007
W2113171990,W6640754084,2007
W2113171990,W2028510798,2007
W2113171990,W2077400077,2007
W2113171990,W2065343501,2007
W2113171990,W6629210384,2007
W2113171990,W2110673924,2007
W2113171990,W2116194516,2007
W2113171990,W4250111450,2007
W2113171990,W1516293359,2007
W2113171990,W4247262184,2007
W2113171990,W1528027857,2007
W2113171990,W1594453896,2007
W2113171990,W1953967342,2007
W2113171990,W1486999524,2007
W2113171990,W2126190393,2007
W2155132021,W2155221979,2007
W2155132021,W1585297471,2007
W2155132021,W2011464857,2007
W2155132021,W2158082510,2007
W2155132021,W1999616998,2007
W2155132021,W1621130145,2007
W2155132021,W1979176272,2007
W2155132021,W3141390699,2007
W2155132021,W6680774604,2007
W2155132021,W3147583786,2007
W2155132021,W6679984364,2007
W2155132021,W1971369413,2007
W2155132021,W1552632109,2007
W2155132021,W2965892125,2007
W2155132021,W4237190863,2007
W2155132021,W1687976359,2007
W2155132021,W2132081897,2007
W2155132021,W2156136429,2007
W2155132021,W32156417,2007
W2155132021,W2051297352,2007
W2155132021,W2095105262,2007
W2155132021,W2137912406,2007
W2155132021,W2167433674,2007
W2155132021,W2171904101,2007
W2155132021,W2133729338,2007
W2155132021,W2142531915,2007
W2100381092,W2132401137,2007
W2100381092,W2016618123,2007
W2100381092,W6660272395,2007
W2100381092,W2106370129,2007
W2100381092,W3146761106,2007
W2100381092,W2155325798,2007
W2100381092,W55503077,2007
W2100381092,W2023034873,2007
W2100381092,W1978425155,2007
W2100381092,W1554634177,2007
W2100381092,W6631316208,2007
W2100381092,W2136102810,2007
W2100381092,W2102841927,2007
W2100381092,W2154503164,2007
W2100381092,W2171750292,2007
W2100381092,W1520796046,2007
W2100381092,W2038763636,2007
W2124199658,W2072224206,2007
W2124199658,W1964806616,2007
W2124199658,W2187389354,2007
W2124199658,W2123739111,2007
W2124199658,W2127493405,2007
W2124199658,W2152481940,2007
W2124199658,W2070583401,2007
W2124199658,W1975452069,2007
W2124199658,W2116373360,2007
W2124199658,W1553993596,2007
W2124199658,W2169563875,2007
W2124199658,W6640135749,2007
W2124199658,W2134768124,2007
W2124199658,W2094963988,2007
W2124199658,W2083170726,2007
W2124199658,W2084755618,2007
W2124199658,W6661642015,2007
W2124199658,W1687976359,2007
W2124199658,W2132081897,2007
W2124199658,W2146310032,2007
W2124199658,W2156136429,2007
W2124199658,W2044355921,2007
W2124199658,W1646903328,2007
W2124199658,W2143254217,2007
W2124199658,W2123453454,2007
W2124199658,W1907737910,2007
W2124199658,W2321310861,2007
W2150049246,W116833144,2007
W2150049246,W2123207641,2007
W2150049246,W6650498234,2007
W2150049246,W2145347746,2007
W2150049246,W105291018,2007
W2150049246,W2110752726,2007
W2150049246,W3148445830,2007
W2150049246,W269812687,2007
W2150049246,W2050439505,2007
W2150049246,W2068014716,2007
W2150049246,W6675107399,2007
W2150049246,W3141742114,2007
W2150049246,W1974028248,2007
W2150049246,W3145348088,2007
W2150049246,W6634762012,2007
W2150049246,W4254261567,2007
W2150049246,W2112648573,2007
W2150049246,W2293404936,2007
W2150049246,W2107994006,2007
W2150049246,W2793167574,2007
W2150049246,W2145989037,2007
W2150049246,W600837911,2007
W2150049246,W1652775531,2007
W2150049246,W1980124684,2007
W2150049246,W2014719297,2007
W2150049246,W4244556193,2007
W2150049246,W2162951265,2007
W2150049246,W2083586903,2007
W2150049246,W2142767916,2007
W2150049246,W2027947870,2007
W2150049246,W1578998830,2007
W2150049246,W3004827288,2007
W2150049246,W3138447845,2007
W2150049246,W1996994046,2007
W2150049246,W2039256085,2007
W2150049246,W2050167630,2007
W2150049246,W2295335535,2007
W2150049246,W2142822968,2007
W2150049246,W2101570837,2007
W2138750422,W2152240585,2007
W2138750422,W2154126139,2007
W2138750422,W2002053510,2007
W2138750422,W2088352159,2007
W2138750422,W2073371710,2007
W2138750422,W2068306188,2007
W2138750422,W2121535648,2007
W2138750422,W2065345805,2007
W2138750422,W2014540832,2007
W2138750422,W1977758817,2007
W2138750422,W6631443328,2007
W2138750422,W2009422376,2007
W2138750422,W2154097358,2007
W2138750422,W2096026309,2007
W2138750422,W2078290150,2007
W2138750422,W2075694597,2007
W2138750422,W2998115525,2007
W2138750422,W6666043380,2007
W2138750422,W6652231383,2007
W2138750422,W156179357,2007
W2138750422,W2124246957,2007
W2138750422,W2103648137,2007
W2138750422,W4238247487,2007
W2138750422,W2169990827,2007
W2138750422,W1991113069,2007
W2138750422,W2017880660,2007
W2138750422,W6651521532,2007
W2138750422,W2107432971,2007
W2138750422,W2170167721,2007
W2138750422,W2156786466,2007
W2138750422,W2100816864,2007
W2138750422,W1526661756,2007
W2138750422,W2005794784,2007
W2138750422,W2062681084,2007
W2138750422,W2134674390,2007
W2138750422,W2099953968,2007
W2138750422,W2907088218,2007
W2138750422,W2008073424,2007
W2107160002,W6607399745,2007
W2107160002,W2072224206,2007
W2107160002,W2072998188,2007
W2107160002,W1976638764,2007
W2107160002,W1989491420,2007
W2107160002,W2152481940,2007
W2107160002,W1975452069,2007
W2107160002,W2139294194,2007
W2107160002,W1999616998,2007
W2107160002,W6776903217,2007
W2107160002,W2111980920,2007
W2107160002,W1979176272,2007
W2107160002,W2097556103,2007
W2107160002,W1553993596,2007
W2107160002,W2123211807,2007
W2107160002,W2229412420,2007
W2107160002,W4232726482,2007
W2107160002,W2306052044,2007
W2107160002,W2058479255,2007
W2107160002,W3141390699,2007
W2107160002,W2156242059,2007
W2107160002,W2153421775,2007
W2107160002,W6679984364,2007
W2107160002,W6631204446,2007
W2107160002,W1996942972,2007
W2107160002,W1990516294,2007
W2107160002,W182490262,2007
W2107160002,W3023018938,2007
W2107160002,W2124199658,2007
W2107160002,W1633060564,2007
W2107160002,W2000530301,2007
W2107160002,W1543268313,2007
W2107160002,W1495971627,2007
W2107160002,W2133729338,2007
W2107160002,W4233857083,2007
W2107160002,W2115627910,2007
W2107160002,W2095105262,2007
W2158707602,W4237211923,2007
W2158707602,W3145598308,2007
W2158707602,W6604707319,2007
W2158707602,W1988064139,2007
W2158707602,W2117511222,2007
W2158707602,W3149833144,2007
W2158707602,W2114882952,2007
W2158707602,W2104441030,2007
W2158707602,W2109845109,2007
W2158707602,W2166270807,2007
W2158707602,W2150415161,2007
W2158707602,W2128402570,2007
W2158707602,W2119231080,2007
W2158707602,W2003690739,2007
W2158707602,W4247746176,2007
W2158707602,W2170839387,2007
W2158707602,W2122572959,2007
W2158707602,W6682157854,2007
W2158707602,W2078051584,2007
W2158707602,W2047242678,2007
W2158707602,W2132933030,2007
W2158707602,W2061702899,2007
W2158707602,W2156700256,2007
W2158707602,W2169785801,2007
W2158707602,W1983985737,2007
W2158707602,W2128863754,2007
W2158707602,W4234809377,2007
W2158707602,W6659502488,2007
W2158707602,W1522650418,2007
W2158707602,W2120703203,2007
W2158707602,W2171846534,2007
W2158707602,W2056654827,2007
W2158707602,W1963616378,2007
W2158707602,W2144505248,2007
W2158707602,W2147354080,2007
W2158707602,W2104451730,2007
W2158707602,W116363394,2007
W2158707602,W2097405194,2007
W2158707602,W2036484193,2007
W2158707602,W1981454869,2007
W2131556053,W2335763069,2007
W2131556053,W3139268773,2007
W2131556053,W4233370650,2007
W2131556053,W967918648,2007
W2131556053,W1621614599,2007
W2131556053,W88781492,2007
W2131556053,W2107593895,2007
W2131556053,W4246051805,2007
W2131556053,W4240325009,2007
W2131556053,W3085563693,2007
W2131556053,W2097556103,2007
W2131556053,W2999821308,2007
W2131556053,W33450621,2007
W2131556053,W2169563875,2007
W2131556053,W3000211808,2007
W2131556053,W2096195713,2007
W2131556053,W3141390699,2007
W2131556053,W1570812985,2007
W2131556053,W1968403482,2007
W2131556053,W2124700014,2007
W2131556053,W36272593,2007
W2131556053,W2965892125,2007
W2131556053,W2153861681,2007
W2131556053,W4237190863,2007
W2131556053,W1687976359,2007
W2131556053,W2156136429,2007
W2131556053,W2010030640,2007
W2131556053,W6628874101,2007
W2131556053,W2000922989,2007
W2131556053,W644081892,2007
W2131556053,W2010748125,2007
W2131556053,W1975671637,2007
W2131556053,W2021167140,2007
W2131556053,W2313053919,2007
W2131556053,W2142531915,2007
W2131556053,W2250107905,2007
W2131556053,W1482721913,2007
W2131556053,W2159991578,2007
W2131556053,W2140519038,2007
W2131556053,W2095105262,2007
W2131556053,W2229156033,2007
W2131556053,W2134066908,2007
W2131556053,W2167433674,2007
W2131556053,W1966140600,2007
W2107589135,W2137524121,2007
W2107589135,W2068769056,2007
W2107589135,W2155417171,2007
W2107589135,W2132117478,2007
W2107589135,W2020657724,2007
W2107589135,W2133090549,2007
W2107589135,W2030793935,2007
W2107589135,W2039315440,2007
W2107589135,W2414887269,2007
W2107589135,W2112194786,2007
W2107589135,W1979968337,2007
W2107589135,W2169177915,2007
W2107589135,W2171545032,2007
W2107589135,W2016424882,2007
W2107589135,W2029329906,2007
W2107589135,W2114441810,2007
W2107589135,W2149245593,2007
W2107589135,W2107516842,2007
W2107589135,W1987957596,2007
W2107589135,W2095911447,2007
W2107589135,W2022133743,2007
W2107589135,W4250411249,2007
W2107589135,W2067214004,2007
W2107589135,W2954951288,2007
W2107589135,W2029657157,2007
W2107589135,W6639479222,2007
W2107589135,W2057582544,2007
W2107589135,W4234164720,2007
W2107589135,W2133410426,2007
W2107589135,W2070431804,2007
W2107589135,W2023846932,2007
W2107589135,W2151923230,2007
W2107589135,W3199509512,2007
W2107589135,W1879190769,2007
W2107589135,W2088752812,2007
W2107589135,W2538618819,2007
W2107589135,W1481866092,2007
W2144034286,W2781817298,2007
W2144034286,W6630449936,2007
W2144034286,W2074707348,2007
W2144034286,W2081134226,2007
W2144034286,W1554567767,2007
W2144034286,W1991749035,2007
W2144034286,W2126905183,2007
W2144034286,W2106370129,2007
W2144034286,W1950817113,2007
W2144034286,W2109845109,2007
W2144034286,W3151224251,2007
W2144034286,W2100871270,2007
W2144034286,W2052459122,2007
W2144034286,W2143308114,2007
W2144034286,W1964011539,2007
W2144034286,W1978418571,2007
W2144034286,W205417527,2007
W2144034286,W6629545732,2007
W2144034286,W176148193,2007
W2144034286,W2542212823,2007
W2144034286,W3141564411,2007
W2144034286,W2049357603,2007
W2144034286,W2102744341,2007
W2144034286,W1971071758,2007
W2144034286,W3002147292,2007
W2144034286,W1814179330,2007
W2144034286,W2139618623,2007
W2144034286,W1496931487,2007
W2144034286,W1508979497,2007
W2144034286,W3180816902,2007
W2144034286,W2113001609,2007
W2144034286,W2138147496,2007
W2113992429,W6678499560,2007
W2113992429,W4253256118,2007
W2113992429,W2131706088,2007
W2113992429,W2167695019,2007
W2113992429,W2031155822,2007
W2113992429,W6682537104,2007
W2113992429,W2140700264,2007
W2113992429,W6685144705,2007
W2113992429,W2293447578,2007
W2113992429,W2060556621,2007
W2113992429,W3144372682,2007
W2113992429,W2110237082,2007
W2113992429,W3141149520,2007
W2113992429,W2152356627,2007
W2113992429,W4255388695,2007
W2113992429,W1983989230,2007
W2113992429,W2114039576,2007
W2113992429,W2107034998,2007
W2113992429,W1978418571,2007
W2113992429,W2118580158,2007
W2113992429,W2095143229,2007
W2113992429,W2123646279,2007
W2113992429,W4243472551,2007
W2113992429,W3139661953,2007
W2113992429,W2154503164,2007
W2113992429,W2159891107,2007
W2113992429,W4237193140,2007
W2113992429,W2102744341,2007
W2113992429,W42025487,2007
W2113992429,W2169352288,2007
W2113992429,W2125723408,2007
W2113992429,W2144505248,2007
W2113992429,W2097754443,2007
W2113992429,W2151401359,2007
W2113992429,W2155572449,2007
W2113992429,W2052661379,2007
W2113992429,W3144674145,2007
W2113992429,W2104451730,2007
W2113992429,W2105683323,2007
W2113992429,W2141003035,2007
W2113992429,W4232039774,2007
W2113992429,W2103283167,2007
W2113992429,W2141364561,2007
W2103504243,W2053214483,2007
W2103504243,W2160583131,2007
W2103504243,W4231664574,2007
W2103504243,W2117341474,2007
W2103504243,W1513579992,2007
W2103504243,W6684850879,2007
W2103504243,W6634953874,2007
W2103504243,W4231515897,2007
W2103504243,W2136011578,2007
W2103504243,W1991777702,2007
W2103504243,W1595217432,2007
W2103504243,W2545167463,2007
W2103504243,W3151224251,2007
W2103504243,W2044098844,2007
W2103504243,W2546184100,2007
W2103504243,W3145589230,2007
W2103504243,W4233857083,2007
W2103504243,W6640466273,2007
W2103504243,W2119278432,2007
W2103504243,W3143514300,2007
W2103504243,W6653227391,2007
W2103504243,W4247735776,2007
W2103504243,W2062604373,2007
W2103504243,W2106145116,2007
W2103504243,W2082246999,2007
W2103504243,W1992446696,2007
W2103504243,W6633581617,2007
W2103504243,W2011119863,2007
W2103504243,W2115019302,2007
W2103504243,W1993572304,2007
W2103504243,W2030318194,2007
W2103504243,W2152365613,2007
W2103504243,W2141763411,2007
W2103504243,W2079466024,2007
W2103504243,W2142499637,2007
W2103504243,W3136895965,2007
W2103504243,W1753524162,2007
W2103504243,W2033319097,2007
W2103504243,W2099770336,2007
W2103504243,W1585667180,2007
W2103504243,W1558931212,2007
W2103504243,W1934974415,2007
W2103504243,W2229412420,2007
W2103504243,W2011821279,2007
W2103504243,W2113001609,2007
W2103504243,W2534315723,2007
W2103504243,W2115123363,2007
W2103504243,W2490625413,2007
W2103504243,W2294596872,2007
W2103504243,W2126053368,2007
W2103504243,W2169013521,2007
W2160677642,W2108668360,2007
W2160677642,W6703600636,2007
W2160677642,W4251516105,2007
W2160677642,W2043984641,2007
W2160677642,W6628874567,2007
W2160677642,W2112812291,2007
W2160677642,W1510561091,2007
W2160677642,W2103750589,2007
W2160677642,W2112996167,2007
W2160677642,W2012579141,2007
W2160677642,W2158995076,2007
W2160677642,W6600394257,2007
W2160677642,W2234007130,2007
W2160677642,W2088955376,2007
W2160677642,W6963523128,2007
W2160677642,W4234722181,2007
W2160677642,W2084858263,2007
W2160677642,W2164275455,2007
W2160677642,W2070215586,2007
W2160677642,W1582934392,2007
W2160677642,W6681246007,2007
W2160677642,W2546184100,2007
W2160677642,W2041305355,2007
W2160677642,W2127359590,2007
W2160677642,W2150243159,2007
W2160677642,W2103628116,2007
W2160677642,W6633694285,2007
W2160677642,W2134618463,2007
W2160677642,W1967246499,2007
W2160677642,W2062604373,2007
W2160677642,W1829184438,2007
W2160677642,W2141071066,2007
W2160677642,W2143802570,2007
W2160677642,W2084718384,2007
W2160677642,W2152365613,2007
W2160677642,W6653181739,2007
W2160677642,W1998469126,2007
W2160677642,W6602661860,2007
W2160677642,W1982661771,2007
W2160677642,W2148309695,2007
W2160677642,W4285719527,2007
W2160677642,W1564871397,2007
W2160677642,W20210779,2007
W2160677642,W2011119863,2007
W2160677642,W2533417509,2007
W2160677642,W63635482,2007
W2160677642,W1485097035,2007
W2160677642,W2336872201,2007
W2160677642,W1986986837,2007
W2160677642,W4243512771,2007
W2160677642,W9540587,2007
W2160677642,W2128968800,2007
W2160677642,W2144793716,2007
W2159181935,W2079139453,2007
W2159181935,W2061568180,2007
W2159181935,W2161240017,2007
W2159181935,W6603372245,2007
W2159181935,W2184145333,2007
W2159181935,W6681559314,2007
W2159181935,W6635711415,2007
W2159181935,W4236888462,2007
W2159181935,W3151348532,2007
W2159181935,W1576648105,2007
W2159181935,W6603576455,2007
W2159181935,W83079580,2007
W2159181935,W4302797750,2007
W2159181935,W6604515616,2007
W2159181935,W2147415913,2007
W2159181935,W2135036909,2007
W2159181935,W6677775933,2007
W2159181935,W1522720263,2007
W2159181935,W1975607784,2007
W2159181935,W6631316208,2007
W2159181935,W2136317102,2007
W2159181935,W1968360558,2007
W2159181935,W2113576511,2007
W2159181935,W1488765683,2007
W2159181935,W2112407618,2007
W2159181935,W1504523017,2007
W2159181935,W2541915565,2007
W2159181935,W112649257,2007
W2159181935,W4250857377,2007
W2159181935,W2089875636,2007
W2159181935,W83431912,2007
W2159181935,W2017018978,2007
W2159181935,W88051974,2007
W2159181935,W2117037870,2007
W2159181935,W1992196620,2007
W2159181935,W2145800914,2007
W2159181935,W2161581092,2007
W2159181935,W2051924205,2007
W2159181935,W2536286998,2007
W2159181935,W4245586321,2007
W2159181935,W2148694408,2007
W2159181935,W2010549743,2007
W2159181935,W4285719527,2007
W2159181935,W1520796046,2007
W2159181935,W2151530263,2007
W2159181935,W2914973542,2007
W2159181935,W1596018907,2007
W2159786075,W2142900310,2007
W2159786075,W2142059961,2007
W2159786075,W2151130155,2007
W2159786075,W1557554815,2007
W2159786075,W2232710831,2007
W2159786075,W1495043769,2007
W2159786075,W2132003031,2007
W2159786075,W1989131020,2007
W2159786075,W6643636737,2007
W2159786075,W2102600873,2007
W2159786075,W2088993043,2007
W2159786075,W2140743603,2007
W2159786075,W2100388636,2007
W2159786075,W2108157916,2007
W2159786075,W2140529698,2007
W2159786075,W2085297965,2007
W2159786075,W1484285762,2007
W2159786075,W2132202988,2007
W2159786075,W2141603699,2007
W2159786075,W2012872284,2007
W2159786075,W1999244633,2007
W2159786075,W2054113582,2007
W2159786075,W2055341194,2007
W2159786075,W2146481568,2007
W2159786075,W1991989246,2007
W2159786075,W2003009438,2007
W2159786075,W2049391017,2007
W2159786075,W2159936057,2007
W2159786075,W1973733286,2007
W2159786075,W2157204523,2007
W2159786075,W138679572,2007
W2144916034,W2119641821,2007
W2144916034,W4234355525,2007
W2144916034,W2157853947,2007
W2144916034,W4254261567,2007
W2144916034,W2171878844,2007
W2144916034,W1999616998,2007
W2144916034,W4243768448,2007
W2144916034,W6641973800,2007
W2144916034,W2101196927,2007
W2144916034,W1995215698,2007
W2144916034,W2160066414,2007
W2144916034,W2059375031,2007
W2144916034,W1990479925,2007
W2144916034,W6605041822,2007
W2144916034,W2063777854,2007
W2144916034,W2997504940,2007
W2144916034,W1584131853,2007
W2144916034,W6639244602,2007
W2144916034,W36272593,2007
W2144916034,W2162737890,2007
W2144916034,W2142822968,2007
W2144916034,W574078859,2007
W2144916034,W1882343795,2007
W2144916034,W2144916034,2007
W2144916034,W3040586665,2007
W2144916034,W2611037613,2007
W2144916034,W419692122,2007
W2144916034,W2044869572,2007
W2144916034,W2764466240,2007
W2144916034,W1800737232,2007
W2144916034,W1928263411,2007
W2144916034,W2096484428,2007
W2144916034,W122327486,2007
W2112704855,W2134247485,2007
W2112704855,W4244121685,2007
W2112704855,W2062140115,2007
W2112704855,W2024416429,2007
W2112704855,W4292408570,2007
W2112704855,W6604394371,2007
W2112704855,W2121698026,2007
W2112704855,W2009940960,2007
W2112704855,W6685318962,2007
W2112704855,W2031369959,2007
W2112704855,W2068930433,2007
W2112704855,W2104814486,2007
W2112704855,W2010589269,2007
W2112704855,W4237648096,2007
W2112704855,W2166270807,2007
W2112704855,W3151224251,2007
W2112704855,W1633114064,2007
W2112704855,W2122572959,2007
W2112704855,W3138718697,2007
W2112704855,W4237758724,2007
W2112704855,W2119688835,2007
W2112704855,W6676980619,2007
W2112704855,W4255791808,2007
W2112704855,W2121735375,2007
W2112704855,W3151277139,2007
W2112704855,W2172097647,2007
W2112704855,W1533155545,2007
W2112704855,W2132074025,2007
W2112704855,W1969387442,2007
W2112704855,W1564611446,2007
W2112704855,W2152459663,2007
W2112704855,W2108682302,2007
W2112704855,W2117365511,2007
W2112704855,W2026058811,2007
W2112704855,W2172280673,2007
W2112704855,W3135227555,2007
W2112704855,W108059866,2007
W2112704855,W2113001609,2007
W2112704855,W2165341004,2007
W2112704855,W1995990042,2007
W2148461967,W2117678320,2007
W2148461967,W6634819663,2007
W2148461967,W4251516105,2007
W2148461967,W2043984641,2007
W2148461967,W2085106076,2007
W2148461967,W2112996167,2007
W2148461967,W6637486033,2007
W2148461967,W2012579141,2007
W2148461967,W2234007130,2007
W2148461967,W2104814486,2007
W2148461967,W2135944984,2007
W2148461967,W2533417509,2007
W2148461967,W3143050538,2007
W2148461967,W2070215586,2007
W2148461967,W1971635570,2007
W2148461967,W2111110357,2007
W2148461967,W2150269048,2007
W2148461967,W1725473968,2007
W2148461967,W2093632550,2007
W2148461967,W1983769542,2007
W2148461967,W1582775528,2007
W2148461967,W1977838545,2007
W2148461967,W1596887748,2007
W2148461967,W1589866532,2007
W2148461967,W2128968800,2007
W2154047670,W2079745210,2007
W2154047670,W4237453232,2007
W2154047670,W1529941812,2007
W2154047670,W2066057304,2007
W2154047670,W4243723963,2007
W2154047670,W1866493243,2007
W2154047670,W2293489090,2007
W2154047670,W334719179,2007
W2154047670,W2162106299,2007
W2154047670,W6637608275,2007
W2154047670,W4248980853,2007
W2154047670,W6629099729,2007
W2154047670,W2911684361,2007
W2154047670,W2147545324,2007
W2154047670,W2029129133,2007
W2154047670,W2154503164,2007
W2154047670,W2107110763,2007
W2154047670,W1752999451,2007
W2154047670,W2152935971,2007
W2154047670,W2295382923,2007
W2154047670,W1582864165,2007
W2154047670,W1490013810,2007
W2154047670,W2128769229,2007
W2154047670,W2363015948,2007
W2120514074,W2029582401,2007
W2120514074,W2130479394,2007
W2120514074,W1975005608,2007
W2120514074,W1993534549,2007
W2120514074,W4253821412,2007
W2120514074,W2108508060,2007
W2120514074,W2056180063,2007
W2120514074,W1998077333,2007
W2120514074,W2161141071,2007
W2120514074,W4238542604,2007
W2120514074,W1994344551,2007
W2120514074,W2093972466,2007
W2120514074,W1986518446,2007
W2120514074,W2112194786,2007
W2120514074,W3142924357,2007
W2120514074,W2031194866,2007
W2120514074,W6602647839,2007
W2120514074,W2027786195,2007
W2120514074,W2114911182,2007
W2120514074,W2124981330,2007
W2120514074,W2138473864,2007
W2120514074,W2149887512,2007
W2120514074,W2132629607,2007
W2120514074,W2006862718,2007
W2120514074,W2139924275,2007
W2120514074,W2053126129,2007
W2120514074,W3141795233,2007
W2120514074,W2084949662,2007
W2120514074,W1965410913,2007
W2120514074,W2154069299,2007
W2120514074,W4206594377,2007
W2120514074,W2079017595,2007
W2120514074,W6676270023,2007
W2120514074,W2099244020,2007
W2120514074,W4256306493,2007
W2120514074,W2113397971,2007
W2120514074,W2107413231,2007
W2120514074,W2099803286,2007
W2120514074,W4256068510,2007
W2120514074,W2096127444,2007
W2120514074,W2101855448,2007
W2120514074,W3000113330,2007
W2120514074,W1974879594,2007
W2120514074,W65018654,2007
W2120514074,W255996521,2007
W2129824539,W2035062046,2007
W2129824539,W2166048064,2007
W2129824539,W2145154883,2007
W2129824539,W2104744826,2007
W2129824539,W98148966,2007
W2129824539,W2137091003,2007
W2129824539,W2163727044,2007
W2129824539,W2098953696,2007
W2129824539,W2055755574,2007
W2129824539,W2138964455,2007
W2129824539,W2159498975,2007
W2129824539,W2102999784,2007
W2129824539,W2087581580,2007
W2129824539,W2110642625,2007
W2129824539,W2266054977,2007
W2129824539,W3141310258,2007
W2129824539,W6744704956,2007
W2129824539,W4241203526,2007
W2129824539,W1962738034,2007
W2129824539,W2116082799,2007
W2129824539,W4238757113,2007
W2129824539,W2064362425,2007
W2129824539,W2134582901,2007
W2129824539,W2048376537,2007
W2129824539,W2811192478,2007
W2129824539,W2757813299,2007
W2107712839,W2144273007,2007
W2107712839,W2097873612,2007
W2107712839,W2237250383,2007
W2107712839,W2075599725,2007
W2107712839,W4292023222,2007
W2107712839,W2138451337,2007
W2107712839,W4251110321,2007
W2107712839,W4238764921,2007
W2107712839,W2040982189,2007
W2107712839,W2099011563,2007
W2107712839,W1544897605,2007
W2107712839,W4238747947,2007
W2107712839,W2026043300,2007
W2107712839,W2162829655,2007
W2107712839,W2089344418,2007
W2107712839,W2124638941,2007
W2107712839,W4229768416,2007
W2107712839,W304861154,2007
W2107712839,W2148694408,2007
W2107712839,W2077678691,2007
W2107712839,W2018778695,2007
W2107712839,W2294818775,2007
W2116154101,W4248547660,2007
W2116154101,W2066636486,2007
W2116154101,W2116114453,2007
W2116154101,W2031194666,2007
W2116154101,W4232802721,2007
W2116154101,W4237850853,2007
W2116154101,W2081254453,2007
W2116154101,W2154046714,2007
W2116154101,W2114265882,2007
W2116154101,W3148950651,2007
W2116154101,W2113325900,2007
W2116154101,W2071599890,2007
W2116154101,W2271295020,2007
W2116154101,W2156543375,2007
W2116154101,W1997876555,2007
W2116154101,W2166733622,2007
W2116154101,W4253858528,2007
W2116154101,W2050137450,2007
W2116154101,W2140415400,2007
W2116154101,W4252087024,2007
W2116154101,W2103219113,2007
W2116154101,W2027172230,2007
W2116154101,W2142068257,2007
W2116154101,W1502767928,2007
W2116154101,W2097284091,2007
W2116154101,W2491091343,2007
W2116154101,W2120573711,2007
W2116154101,W3183881215,2007
W2116154101,W1649645444,2007
W2116154101,W4240670390,2007
W2116154101,W2339217959,2007
W2116154101,W2143622779,2007
W2116154101,W1608412409,2007
W2116154101,W4285719527,2007
W2116154101,W2798909945,2007
W2127295009,W2151329844,2007
W2127295009,W1926534862,2007
W2127295009,W4231017307,2007
W2127295009,W2011979138,2007
W2127295009,W1519407296,2007
W2127295009,W2164030956,2007
W2127295009,W2079558731,2007
W2127295009,W2096108180,2007
W2127295009,W3149364623,2007
W2127295009,W1966454460,2007
W2127295009,W2126547788,2007
W2127295009,W1582821823,2007
W2127295009,W2238788188,2007
W2127295009,W4233278310,2007
W2127295009,W1967385755,2007
W2127295009,W2012332472,2007
W2127295009,W2999334926,2007
W2127295009,W4246759790,2007
W2127295009,W2097337670,2007
W2127295009,W2158987597,2007
W2127295009,W1524523239,2007
W2127295009,W2170261402,2007
W2127295009,W6631432383,2007
W2127295009,W2115907784,2007
W2127295009,W2153764547,2007
W2127295009,W2111165106,2007
W2127295009,W2095065913,2007
W2127295009,W2142265837,2007
W2127295009,W1909138541,2007
W2127295009,W2142636632,2007
W2127295009,W2160809036,2007
W2127295009,W4240774490,2007
W2127295009,W4245793532,2007
W2127295009,W2108756074,2007
W2127295009,W1565302540,2007
W2127295009,W6888447284,2007
W2127295009,W2046441184,2007
W2127295009,W4292169167,2007
W2127295009,W2100632417,2007
W2127295009,W170148067,2007
W2127295009,W2044990032,2007
W2127295009,W2105573319,2007
W2127295009,W2185118258,2007
W2127295009,W2769954494,2007
W2127295009,W1525282523,2007
W2127295009,W2106528248,2007
W2127295009,W2294163059,2007
W2127295009,W2067062659,2007
W2127295009,W3009889461,2007
W2127295009,W2108080367,2007
W2127295009,W1983096721,2007
W2127295009,W2098182067,2007
W2127295009,W1590549688,2007
W2159223614,W2159859907,2007
W2159223614,W6803984101,2007
W2159223614,W4253173415,2007
W2159223614,W4238716399,2007
W2159223614,W1559849818,2007
W2159223614,W4236229596,2007
W2159223614,W2166988910,2007
W2159223614,W6636310325,2007
W2159223614,W2168147705,2007
W2159223614,W1972137468,2007
W2159223614,W4239696518,2007
W2159223614,W1991078264,2007
W2159223614,W4234177742,2007
W2159223614,W2140973342,2007
W2159223614,W4252663705,2007
W2159223614,W2148665211,2007
W2159223614,W2004158027,2007
W2159223614,W2130700878,2007
W2159223614,W4247586712,2007
W2159223614,W2155536475,2007
W2159223614,W4232696329,2007
W2159223614,W4243278111,2007
W2159223614,W2237155658,2007
W2159223614,W6678087030,2007
W2159223614,W2129982915,2007
W2159223614,W2158983757,2007
W2159223614,W2120106651,2007
W2159223614,W2066680906,2007
W2159223614,W2086451657,2007
W2159223614,W4231419987,2007
W2159223614,W2151428732,2007
W2159223614,W2095614026,2007
W2159223614,W2087736751,2007
W2159223614,W2287868938,2007
W2159223614,W2142218318,2007
W2159223614,W2738410158,2007
W2159223614,W1559983024,2007
W2159223614,W1970933759,2007
W2159223614,W2623293810,2007
W2159223614,W2031478518,2007
W2159223614,W2162057998,2007
W2159223614,W1974600473,2007
W2159223614,W2170700376,2007
W2159223614,W1610978399,2007
W2159223614,W2143940188,2007
W2159223614,W2114448792,2007
W2159223614,W2027804456,2007
W2159223614,W2148725773,2007
W2159223614,W2043242530,2007
W2159223614,W2004453135,2007
W2159223614,W2103262801,2007
W2159223614,W2055322921,2007
W2159223614,W2415963036,2007
W2159223614,W1906263998,2007
W2159223614,W2069281566,2007
W2159223614,W2141097020,2007
W2159223614,W2164041330,2007
W2159223614,W4236844765,2007
W2159223614,W2122410182,2007
W2159223614,W2067288944,2007
W2159223614,W2170549385,2007
W2159223614,W2104344888,2007
W2159223614,W2087597683,2007
W2159223614,W3212737926,2007
W2159223614,W2151761304,2007
W2159223614,W2034380170,2007
W2116422120,W2036089039,2007
W2116422120,W2160583131,2007
W2116422120,W2117341474,2007
W2116422120,W6681559314,2007
W2116422120,W6635711415,2007
W2116422120,W6660272395,2007
W2116422120,W4233370650,2007
W2116422120,W4231515897,2007
W2116422120,W2136011578,2007
W2116422120,W1950817113,2007
W2116422120,W2119177377,2007
W2116422120,W4241925824,2007
W2116422120,W3150726314,2007
W2116422120,W2150415161,2007
W2116422120,W3151224251,2007
W2116422120,W3147279153,2007
W2116422120,W6636286672,2007
W2116422120,W3139332006,2007
W2116422120,W2135023276,2007
W2116422120,W2171642338,2007
W2116422120,W2125765761,2007
W2116422120,W3143519989,2007
W2116422120,W2082246999,2007
W2116422120,W3149313788,2007
W2116422120,W2121979170,2007
W2116422120,W6677796915,2007
W2116422120,W4246075827,2007
W2116422120,W2154503164,2007
W2116422120,W3147186191,2007
W2116422120,W2141763411,2007
W2116422120,W2155155926,2007
W2116422120,W4237625985,2007
W2116422120,W3152033519,2007
W2116422120,W4240326277,2007
W2116422120,W2051156737,2007
W2116422120,W2126524240,2007
W2116422120,W2033319097,2007
W2116422120,W3160104214,2007
W2116422120,W2021167140,2007
W2116422120,W2119391846,2007
W2116422120,W2121768666,2007
W2116422120,W2160692760,2007
W2116422120,W2134643591,2007
W2116422120,W2122508669,2007
W2116422120,W2017812188,2007
W2116422120,W2038763636,2007
W2116422120,W1596018907,2007
W2116422120,W2113169085,2007
W2116422120,W2113001609,2007
W2116422120,W2156988816,2007
W2116422120,W3101755051,2007
W2116422120,W2116747899,2007
W2116422120,W2533408896,2007
W2116422120,W2130237124,2007
W2116422120,W2145800914,2007
W2156984914,W2056465671,2007
W2156984914,W1486540228,2007
W2156984914,W2087347434,2007
W2156984914,W2119821739,2007
W2156984914,W2169628609,2007
W2156984914,W2128304593,2007
W2156984914,W2108843657,2007
W2156984914,W2418802570,2007
W2156984914,W2109143255,2007
W2156984914,W3145706096,2007
W2156984914,W3141149520,2007
W2156984914,W2119231080,2007
W2156984914,W2010152463,2007
W2156984914,W2105420127,2007
W2156984914,W2108995755,2007
W2156984914,W2124351082,2007
W2156984914,W2167711535,2007
W2156984914,W2048182953,2007
W2156984914,W1924599836,2007
W2156984914,W2149684865,2007
W2156984914,W1551898434,2007
W2156984914,W2118780007,2007
W2156984914,W1530699444,2007
W2156984914,W2069249829,2007
W2156984914,W2125919983,2007
W2156984914,W5594912,2007
W2156984914,W4239510810,2007
W2156984914,W2161955943,2007
W2156984914,W2104451730,2007
W2139982105,W4253256118,2007
W2139982105,W2099407246,2007
W2139982105,W2068676460,2007
W2139982105,W6681559314,2007
W2139982105,W2295355433,2007
W2139982105,W2117511222,2007
W2139982105,W2104441030,2007
W2139982105,W2109845109,2007
W2139982105,W4243768448,2007
W2139982105,W2170839387,2007
W2139982105,W2133420504,2007
W2139982105,W2148420597,2007
W2139982105,W2162106299,2007
W2139982105,W4252975466,2007
W2139982105,W6629278637,2007
W2139982105,W4253379852,2007
W2139982105,W2096763842,2007
W2139982105,W6633700785,2007
W2139982105,W2169166445,2007
W2139982105,W1590762254,2007
W2139982105,W6659502488,2007
W2139982105,W1522650418,2007
W2139982105,W2096484428,2007
W2139982105,W1563223751,2007
W2139982105,W2912067802,2007
W2139982105,W2145800914,2007
W2139982105,W2157025482,2007
W2139982105,W1490632591,2007
W2139982105,W2069426699,2007
W2139982105,W2036484193,2007
W2139982105,W2141364561,2007
W2139982105,W2043814505,2007
W2139982105,W1562919956,2007
W2139982105,W4239698279,2007
W2145728221,W4248846529,2007
W2145728221,W7017481895,2007
W2145728221,W2013043746,2007
W2145728221,W4243820778,2007
W2145728221,W1979402942,2007
W2145728221,W2171501075,2007
W2145728221,W6630946682,2007
W2145728221,W4249911690,2007
W2145728221,W2013686683,2007
W2145728221,W1999250663,2007
W2145728221,W2013650199,2007
W2145728221,W4248881646,2007
W2145728221,W4236546188,2007
W2145728221,W6681248633,2007
W2145728221,W2113372861,2007
W2145728221,W2070659770,2007
W2145728221,W2030204236,2007
W2145728221,W2077134916,2007
W2145728221,W6980700450,2007
W2145728221,W6676255899,2007
W2145728221,W6631790225,2007
W2145728221,W2022233191,2007
W2145728221,W2137148860,2007
W2145728221,W2112420768,2007
W2145728221,W1998671030,2007
W2145728221,W1977451568,2007
W2145728221,W2105199019,2007
W2145728221,W1531273953,2007
W2145728221,W2141907107,2007
W2145728221,W1847044884,2007
W2145728221,W2281798543,2007
W2145728221,W1515061693,2007
W2145728221,W3177223890,2007
W2145728221,W2163925811,2007
W2145728221,W1988494045,2007
W2145728221,W4254820446,2007
W2145728221,W2206217778,2007
W2145728221,W1987135480,2007
W2145728221,W83093744,2007
W2145728221,W4285719527,2007
W2126565921,W2153504150,2007
W2126565921,W6682615095,2007
W2126565921,W3148808479,2007
W2126565921,W1566368032,2007
W2126565921,W6602340471,2007
W2126565921,W2144937933,2007
W2126565921,W4210709990,2007
W2126565921,W1975230801,2007
W2126565921,W4234263993,2007
W2126565921,W2116810721,2007
W2126565921,W6629834745,2007
W2126565921,W2028345935,2007
W2126565921,W3152434158,2007
W2126565921,W4242000945,2007
W2126565921,W2128205813,2007
W2126565921,W2152480702,2007
W2126565921,W1498164374,2007
W2126565921,W2153675923,2007
W2126565921,W2153706538,2007
W2126565921,W2113270839,2007
W2126565921,W2065380250,2007
W2126565921,W2058023238,2007
W2126565921,W56168882,2007
W2126565921,W2117698763,2007
W2124866764,W1983112713,2007
W2124866764,W1993180884,2007
W2124866764,W2139158372,2007
W2124866764,W2116136260,2007
W2124866764,W2142059961,2007
W2124866764,W1534962396,2007
W2124866764,W2073470731,2007
W2124866764,W2140041787,2007
W2124866764,W2152828142,2007
W2124866764,W4239698279,2007
W2124866764,W1556056839,2007
W2124866764,W2142699820,2007
W2124866764,W6686096877,2007
W2124866764,W2052570168,2007
W2124866764,W6643636737,2007
W2124866764,W2155222639,2007
W2124866764,W3149175271,2007
W2124866764,W2106302614,2007
W2124866764,W2102600873,2007
W2124866764,W4251989534,2007
W2124866764,W3151224251,2007
W2124866764,W3146575037,2007
W2124866764,W2088993043,2007
W2124866764,W2123326080,2007
W2124866764,W1840103929,2007
W2124866764,W2208332410,2007
W2124866764,W2119231080,2007
W2124866764,W1993438516,2007
W2124866764,W4246202668,2007
W2124866764,W1538241093,2007
W2124866764,W2136645720,2007
W2124866764,W4244644321,2007
W2124866764,W2145132952,2007
W2124866764,W2036785860,2007
W2124866764,W2108157916,2007
W2124866764,W1573880374,2007
W2124866764,W2150798834,2007
W2124866764,W2157035009,2007
W2124866764,W2110431535,2007
W2124866764,W2137216139,2007
W2124866764,W1965874085,2007
W2124866764,W1543577391,2007
W2124866764,W1819157937,2007
W2124866764,W4238834011,2007
W2124866764,W1991621575,2007
W2124866764,W2131096301,2007
W2124866764,W3150639519,2007
W2124866764,W2028317608,2007
W2124866764,W2048844243,2007
W2124866764,W2145500340,2007
W2124866764,W2074888367,2007
W2124866764,W2116669464,2007
W2124866764,W2135392761,2007
W2124866764,W4250776769,2007
W2124866764,W2099204610,2007
W2124866764,W1482603307,2007
W2124866764,W2113001609,2007
W2124866764,W2141967029,2007
W2124866764,W183334939,2007
W2124866764,W1484341170,2007
W2124866764,W2295355433,2007
W2124866764,W2159936057,2007
W2124866764,W1964853704,2007
W2124866764,W2184736891,2007
W2124866764,W1504025927,2007
W2124866764,W2133177881,2007
W2124866764,W2116938231,2007
W2124866764,W2912067802,2007
W2124866764,W1973733286,2007
W2124866764,W1587245653,2007
W2105881826,W1597264943,2007
W2105881826,W2126816902,2007
W2105881826,W6633350366,2007
W2105881826,W2118708089,2007
W2105881826,W6611397914,2007
W2105881826,W3145706096,2007
W2105881826,W3141149520,2007
W2105881826,W6637925188,2007
W2105881826,W2131168375,2007
W2105881826,W2148236753,2007
W2105881826,W2229412420,2007
W2105881826,W2079655528,2007
W2105881826,W2157380596,2007
W2105881826,W2133059825,2007
W2105881826,W2150134853,2007
W2105881826,W2170163526,2007
W2105881826,W2055960666,2007
W2105881826,W6723177096,2007
W2105881826,W2028070657,2007
W2105881826,W3142132134,2007
W2105881826,W6679444549,2007
W2105881826,W4233857083,2007
W2105881826,W3143452457,2007
W2105881826,W2129211548,2007
W2105881826,W2126503441,2007
W2105881826,W1238092070,2007
W2105881826,W4285719527,2007
W2105881826,W2104451730,2007
W2105881826,W4394304159,2007
W2105881826,W2491779511,2007
W2105881826,W1556473642,2007
W2105881826,W2178119683,2007
W2105881826,W3176463862,2007
W2105881826,W2120959665,2007
W2105881826,W1536587585,2007
W2105881826,W2491091343,2007
W2105881826,W2028555274,2007
W2105881826,W1546822656,2007
W2105881826,W325732582,2007
W2105881826,W2139433108,2007
W2105881826,W4240670390,2007
W2105881826,W2161955943,2007
W2110712827,W2096503284,2007
W2110712827,W2171096036,2007
W2110712827,W2143058286,2007
W2110712827,W1580004494,2007
W2110712827,W2044465660,2007
W2110712827,W2117511222,2007
W2110712827,W2142501961,2007
W2110712827,W2143715815,2007
W2110712827,W2154053567,2007
W2110712827,W1870211974,2007
W2110712827,W2047242678,2007
W2110712827,W2103352588,2007
W2110712827,W4230807262,2007
W2110712827,W3146319901,2007
W2110712827,W2144854846,2007
W2110712827,W2138319859,2007
W2110712827,W1986150223,2007
W2110712827,W2153364064,2007
W2110712827,W2144505248,2007
W2110712827,W2294935888,2007
W2110712827,W3140435700,2007
W2110712827,W2148775223,2007
W2110712827,W2543810362,2007
W2891971966,W2170700376,2007
W2891971966,W4254806304,2007
W2891971966,W2037434661,2007
W2891971966,W2162057998,2007
W2891971966,W3000849327,2007
W2891971966,W2067288944,2007
W2891971966,W4239696518,2007
W2891971966,W2143940188,2007
W2891971966,W2043242530,2007
W2891971966,W1974600473,2007
W2891971966,W3000740982,2007
W2891971966,W2027804456,2007
W2891971966,W2103262801,2007
W2891971966,W2151761304,2007
W2891971966,W3139094288,2007
W2891971966,W2055322921,2007
W2891971966,W6639717120,2007
W2891971966,W2024377125,2007
W2891971966,W2104344888,2007
W2891971966,W2099714885,2007
W2891971966,W2004453135,2007
W2891971966,W1906263998,2007
W2891971966,W2087736751,2007
W2891971966,W2738410158,2007
W2891971966,W2287868938,2007
W2155963272,W2164008124,2007
W2155963272,W2129053762,2007
W2155963272,W2242880323,2007
W2155963272,W2034736303,2007
W2155963272,W2164244016,2007
W2155963272,W4232802721,2007
W2155963272,W2164042211,2007
W2155963272,W2072252718,2007
W2155963272,W4232997332,2007
W2155963272,W6844171668,2007
W2155963272,W4248054006,2007
W2155963272,W2086422077,2007
W2155963272,W6601178532,2007
W2155963272,W1986523777,2007
W2155963272,W2132081897,2007
W2155963272,W2140415400,2007
W2155963272,W1649645444,2007
W2155963272,W2141448020,2007
W2155963272,W2002569088,2007
W2155963272,W1572969502,2007
W2155963272,W2291283624,2007
W2155963272,W4299120585,2007
W2155963272,W2491091343,2007
W2155963272,W580359274,2007
W2155963272,W2120573711,2007
W2155963272,W3147736755,2007
W2155963272,W3023870838,2007
W2155963272,W2047167129,2007
W2155963272,W28917672,2007
W2155963272,W3261618,2007
W2155963272,W2113048824,2007
W2155963272,W617329964,2007
W2070784608,W2229412420,2007
W2070784608,W2119231080,2007
W2070784608,W4246560761,2007
W2070784608,W6674703427,2007
W2070784608,W3140081847,2007
W2070784608,W2109845109,2007
W2070784608,W3152230474,2007
W2070784608,W2118780007,2007
W2070784608,W2135609792,2007
W2070784608,W2095326847,2007
W2070784608,W3138447845,2007
W2070784608,W6675576284,2007
W2070784608,W2145347746,2007
W2070784608,W6644905661,2007
W2070784608,W3144131567,2007
W2070784608,W2009279735,2007
W2070784608,W2002211861,2007
W2070784608,W1603089724,2007
W2070784608,W4234822663,2007
W2070784608,W4213199372,2007
W2070784608,W2068014716,2007
W2070784608,W2112648573,2007
W2070784608,W2125638038,2007
W2070784608,W2146680024,2007
W2070784608,W2006237128,2007
W2070784608,W2540198878,2007
W2070784608,W6646768190,2007
W2070784608,W2053866159,2007
W2070784608,W7074187563,2007
W2070784608,W3188105984,2007
W2070784608,W2136186816,2007
W2070784608,W4249404912,2007
W2070784608,W3140854621,2007
W2070784608,W2151045902,2007
W2070784608,W3152038503,2007
W2070784608,W2060181055,2007
W2070784608,W2142244001,2007
W2070784608,W3144586438,2007
W2070784608,W1966495409,2007
W2070784608,W2154707273,2007
W2070784608,W3013843370,2007
W2070784608,W2106275081,2007
W2070784608,W2083586903,2007
W2070784608,W2162951265,2007
W2070784608,W2573158115,2007
W2070784608,W1985289718,2007
W2070784608,W1561591250,2007
W2070784608,W2146498786,2007
W2070784608,W2047995884,2007
W2070784608,W1805238228,2007
W2070784608,W1978608020,2007
W2070784608,W2153148528,2007
W2070784608,W2148775223,2007
W2070784608,W2099984385,2007
W2070784608,W1954326677,2007
W2070784608,W2102858796,2007
W2070784608,W2148734466,2007
W2070784608,W2056229121,2007
W2070784608,W2395811099,2007
W2070784608,W2142822968,2007
W2070784608,W2011658854,2007
W2070784608,W4233857083,2007
W2070784608,W2020534355,2007
W2070784608,W2007701319,2007
W2070784608,W2532506824,2007
W2070784608,W2088784055,2007
W2123421747,W2101443734,2007
W2123421747,W2022530159,2007
W2123421747,W2142900310,2007
W2123421747,W2139158372,2007
W2123421747,W2000133863,2007
W2123421747,W2142059961,2007
W2123421747,W2170656593,2007
W2123421747,W2130706954,2007
W2123421747,W4318901880,2007
W2123421747,W4235767492,2007
W2123421747,W1556056839,2007
W2123421747,W2119345145,2007
W2123421747,W2059784307,2007
W2123421747,W1999616998,2007
W2123421747,W2087392335,2007
W2123421747,W2475594644,2007
W2123421747,W2142711129,2007
W2123421747,W2123101350,2007
W2123421747,W1553993596,2007
W2123421747,W2102600873,2007
W2123421747,W2129841144,2007
W2123421747,W2036785860,2007
W2123421747,W2141456592,2007
W2123421747,W2293449835,2007
W2123421747,W2162057502,2007
W2123421747,W36272593,2007
W2123421747,W2084761689,2007
W2123421747,W3144226019,2007
W2123421747,W2097279347,2007
W2123421747,W2153623993,2007
W2123421747,W1597409202,2007
W2123421747,W2149359100,2007
W2123421747,W2136690777,2007
W2123421747,W2119427423,2007
W2123421747,W2133177881,2007
W1983948426,W6634762012,2007
W1983948426,W3145348088,2007
W1983948426,W2112648573,2007
W1983948426,W6681424380,2007
W1983948426,W2049391017,2007
W1983948426,W2142767916,2007
W1983948426,W2068014716,2007
W1983948426,W4214925065,2007
W1983948426,W2123207641,2007
W1983948426,W4246003206,2007
W1983948426,W2022245480,2007
W1983948426,W2050234624,2007
W1983948426,W6607341169,2007
W1983948426,W2146835287,2007
W1983948426,W2014719297,2007
W1983948426,W1999244633,2007
W1983948426,W2150455688,2007
W1983948426,W2118785939,2007
W1983948426,W2068370819,2007
W1983948426,W2083586903,2007
W1983948426,W2162951265,2007
W1983948426,W2561843528,2007
W1983948426,W6677081257,2007
W1983948426,W3148445830,2007
W1983948426,W269812687,2007
W1983948426,W2145347746,2007
W1983948426,W2024027659,2007
W1983948426,W2110752726,2007
W1983948426,W2061083393,2007
W1983948426,W1996994046,2007
W1983948426,W2039256085,2007
W1983948426,W1578998830,2007
W1983948426,W181053014,2007
W1983948426,W2115309634,2007
W1983948426,W2050439505,2007
W1983948426,W2142822968,2007
W1983948426,W2507696381,2007
W1983948426,W2050167630,2007
W1983948426,W2017128277,2007
W2162609414,W2144837541,2007
W2162609414,W1789039309,2007
W2162609414,W6684163563,2007
W2162609414,W2140743603,2007
W2162609414,W2134383396,2007
W2162609414,W4255556671,2007
W2162609414,W2133420504,2007
W2162609414,W1994406579,2007
W2162609414,W1994165052,2007
W2162609414,W2003176288,2007
W2162609414,W2083648850,2007
W2162609414,W2534242605,2007
W2162609414,W6682378523,2007
W2162609414,W2156097299,2007
W2162609414,W3141857971,2007
W2162609414,W4249906271,2007
W2162609414,W2141521747,2007
W2162609414,W2012332472,2007
W2162609414,W1876845319,2007
W2162609414,W4238430776,2007
W2162609414,W1909138541,2007
W2162609414,W2152037928,2007
W2162609414,W1992091448,2007
W2162609414,W2102530643,2007
W2162609414,W2131973628,2007
W2162609414,W2039138386,2007
W2162609414,W2166812774,2007
W2162609414,W1582386329,2007
W2162609414,W2107597566,2007
W2162609414,W2151412705,2007
W2162609414,W2155484187,2007
W2162609414,W2126485681,2007
W2098519781,W2142338805,2007
W2098519781,W2312237980,2007
W2098519781,W4245988116,2007
W2098519781,W2023846932,2007
W2098519781,W2102211745,2007
W2098519781,W4230253559,2007
W2098519781,W2029667189,2007
W2098519781,W2067912700,2007
W2098519781,W2032702737,2007
W2098519781,W2150964333,2007
W2098519781,W2127386741,2007
W2098519781,W2025237588,2007
W2098519781,W2154069299,2007
W2098519781,W1651915441,2007
W2098519781,W2152230805,2007
W2098519781,W6681839211,2007
W2098519781,W2309236877,2007
W2098519781,W2905826917,2007
W2098519781,W2158528359,2007
W2098519781,W2114621223,2007
W2098519781,W1997475883,2007
W2098519781,W2086600232,2007
W2098519781,W2033528502,2007
W2098519781,W1532372340,2007
W2098519781,W1969505913,2007
W2098519781,W2146410861,2007
W2098519781,W2153620664,2007
W2098519781,W102421265,2007
W2098519781,W2094651304,2007
W2098519781,W4300501940,2007
W2098519781,W2157270134,2007
W1990419021,W2104441030,2007
W1990419021,W4243768448,2007
W1990419021,W1498299056,2007
W1990419021,W2148899142,2007
W1990419021,W1972641242,2007
W1990419021,W2053346209,2007
W1990419021,W1546610148,2007
W1990419021,W6698875716,2007
W1990419021,W6660073927,2007
W1990419021,W2081181113,2007
W1990419021,W2003669746,2007
W1990419021,W2114084204,2007
W1990419021,W4243705201,2007
W1990419021,W6742428862,2007
W1990419021,W4239698279,2007
W1990419021,W4244737818,2007
W1990419021,W2094468738,2007
W1990419021,W2743554512,2007
W1990419021,W2295355433,2007
W1990419021,W2096484428,2007
W1990419021,W574078859,2007
W1990419021,W2151631470,2007
W1990419021,W2265855762,2007
W1990419021,W2038651474,2007
W1990419021,W2611037613,2007
W1990419021,W2312971565,2007
W1990419021,W1884010341,2007
W2142856765,W2103543285,2007
W2142856765,W1964941055,2007
W2142856765,W1518961746,2007
W2142856765,W2047046780,2007
W2142856765,W2166334656,2007
W2142856765,W2047995884,2007
W2142856765,W2157025482,2007
W2142856765,W2055601518,2007
W2142856765,W2144995353,2007
W2142856765,W2077047259,2007
W2142856765,W1630436113,2007
W2142856765,W2028852981,2007
W2142856765,W2088736513,2007
W2142856765,W2138290184,2007
W2142856765,W6681571899,2007
W2142856765,W4245240321,2007
W2142856765,W2500995245,2007
W2142856765,W1527137792,2007
W2142856765,W2154462487,2007
W2142856765,W2979574208,2007
W2142856765,W1538652242,2007
W2142856765,W2145646037,2007
W2142856765,W2163727044,2007
W2142856765,W1551726322,2007
W2142856765,W1552798477,2007
W2150544036,W2154962537,2007
W2150544036,W2730501080,2007
W2150544036,W2122129447,2007
W2150544036,W4240697374,2007
W2150544036,W2316279236,2007
W2150544036,W1995951261,2007
W2150544036,W2111352333,2007
W2150544036,W2112205950,2007
W2150544036,W2081181113,2007
W2150544036,W2114672595,2007
W2150544036,W2032325704,2007
W2150544036,W4247057568,2007
W2150544036,W2092103735,2007
W2150544036,W2107002723,2007
W2150544036,W2144937933,2007
W2150544036,W2023935367,2007
W2150544036,W2008219277,2007
W2150544036,W2028996115,2007
W2150544036,W2034144523,2007
W2150544036,W4237484438,2007
W2150544036,W2090536356,2007
W2150544036,W2132937391,2007
W2150544036,W2536708871,2007
W2150544036,W1983575743,2007
W2150544036,W2064763543,2007
W2150544036,W1987044546,2007
W2150544036,W1965387308,2007
W2150544036,W2265855762,2007
W2150544036,W1494972069,2007
W2150544036,W1582915306,2007
W2125100130,W2068306188,2007
W2125100130,W2119111481,2007
W2125100130,W1534013816,2007
W2125100130,W2166279335,2007
W2125100130,W2014848270,2007
W2125100130,W1967088802,2007
W2125100130,W4255692800,2007
W2125100130,W2108257577,2007
W2125100130,W6756737330,2007
W2125100130,W6629724059,2007
W2125100130,W2166334656,2007
W2125100130,W1779394697,2007
W2125100130,W1883466813,2007
W2125100130,W2111498277,2007
W2125100130,W3149702595,2007
W2125100130,W3144824943,2007
W2125100130,W2136435231,2007
W2125100130,W6644352162,2007
W2125100130,W1977050089,2007
W2125100130,W2902773548,2007
W2125100130,W4255775921,2007
W2125100130,W1571597376,2007
W2125100130,W1498053278,2007
W2125100130,W2169809698,2007
W2125100130,W2034694694,2007
W2125100130,W2130696055,2007
W2125100130,W4285719527,2007
W2124201433,W2041902442,2007
W2124201433,W2104290891,2007
W2124201433,W6680045216,2007
W2124201433,W2073470731,2007
W2124201433,W6603125244,2007
W2124201433,W1989376566,2007
W2124201433,W2159544999,2007
W2124201433,W6681839211,2007
W2124201433,W6676253818,2007
W2124201433,W2016599234,2007
W2124201433,W2077818116,2007
W2124201433,W1998404833,2007
W2124201433,W2029667189,2007
W2124201433,W2149245593,2007
W2124201433,W2131520349,2007
W2124201433,W6605855524,2007
W2124201433,W2028231353,2007
W2124201433,W2131493622,2007
W2124201433,W6647353833,2007
W2124201433,W2004350607,2007
W2124201433,W2159678628,2007
W2124201433,W2132629607,2007
W2124201433,W6634186592,2007
W2124201433,W2168336725,2007
W2124201433,W1540588250,2007
W2124201433,W2255356442,2007
W2124201433,W2111643161,2007
W2124201433,W2117690149,2007
W2124201433,W3147856832,2007
W2124201433,W2154069299,2007
W2124201433,W6631386601,2007
W2124201433,W2090859939,2007
W2124201433,W6628874101,2007
W2124201433,W6682570150,2007
W2124201433,W2293372129,2007
W2124201433,W2146410861,2007
W2124201433,W1482721913,2007
W2124201433,W2154806583,2007
W2124201433,W2104744826,2007
W2124201433,W2075694080,2007
W2124201433,W1966537360,2007
W2124201433,W1513973570,2007
W2124201433,W2166048064,2007
W2124201433,W2117683583,2007
W2124201433,W2020488566,2007
W2124201433,W1592150402,2007
W2124201433,W1524709347,2007
W2124201433,W2952220786,2007
W2124201433,W1995875735,2007
W2124201433,W2609724571,2007
W2124201433,W2008173646,2007
W2124201433,W2107792420,2007
W2124201433,W2019197529,2007
W2124201433,W1967471690,2007
W2124201433,W76980395,2007
W2124201433,W1971260725,2007
W2124201433,W1573951906,2007
W2124201433,W2138964455,2007
W2124201433,W2087581580,2007
W2124201433,W2119177377,2007
W2124201433,W2128957129,2007
W2124201433,W1978909760,2007
W2124201433,W1987688066,2007
W2124201433,W2032254348,2007
W2124201433,W145293885,2007
W2124201433,W4234347480,2007
W2124201433,W2036613247,2007
W2124201433,W2134965981,2007
W2124201433,W2102999784,2007
W2124201433,W2090088512,2007
W2124201433,W1568287675,2007
W2124201433,W2091306762,2007
W2124201433,W2137748495,2007
W2124201433,W2155417171,2007
W2124201433,W1975671637,2007
W2124201433,W2152122225,2007
W2124201433,W2153615563,2007
W2124201433,W36272593,2007
W2124201433,W1513303009,2007
W2124201433,W2166334656,2007
W2124201433,W2149695423,2007
W2124201433,W2123838014,2007
W2125141584,W2165729714,2007
W2125141584,W1975890942,2007
W2125141584,W2041559800,2007
W2125141584,W4244829582,2007
W2125141584,W4233857083,2007
W2125141584,W2128808878,2007
W2125141584,W2147169375,2007
W2125141584,W6684901070,2007
W2125141584,W2153935912,2007
W2125141584,W1964661732,2007
W2125141584,W2034374737,2007
W2125141584,W4246727630,2007
W2125141584,W154885786,2007
W2125141584,W2092998534,2007
W2125141584,W4243522065,2007
W2125141584,W2066904419,2007
W2125141584,W2095769364,2007
W2125141584,W2111734174,2007
W2125141584,W3023613093,2007
W2125141584,W1757809494,2007
W2125141584,W4245103800,2007
W2125141584,W2171712884,2007
W2125141584,W2125039738,2007
W2125141584,W6712563015,2007
W2125141584,W6633756639,2007
W2125141584,W1576724274,2007
W2125141584,W6683098029,2007
W2125141584,W2061608134,2007
W2125141584,W6675933016,2007
W2125141584,W2045755156,2007
W2125141584,W2010589269,2007
W2125141584,W2142499637,2007
W2125141584,W2123090765,2007
W2125141584,W2462331970,2007
W2125141584,W2151005058,2007
W2125141584,W2167302705,2007
W2125141584,W1564611446,2007
W2125141584,W2156548284,2007
W2125141584,W1560434110,2007
W2125141584,W3106306458,2007
W2125141584,W2015332086,2007
W2125141584,W574078859,2007
W2125141584,W3100028230,2007
W2125141584,W2074797641,2007
W2125141584,W2150575530,2007
W2125141584,W2045209379,2007
W2125141584,W2212705242,2007
W2125141584,W4285719527,2007
W2125141584,W2104814486,2007
W2125141584,W2171576163,2007
W2125141584,W2039402388,2007
W2125141584,W1591196465,2007
W2125141584,W2398520245,2007
W2125141584,W2229412420,2007
W2130875484,W2094876635,2007
W2130875484,W6674956209,2007
W2130875484,W2153046447,2007
W2130875484,W3152441428,2007
W2130875484,W6637749796,2007
W2130875484,W3140899032,2007
W2130875484,W2101247423,2007
W2130875484,W2134865795,2007
W2130875484,W2151637322,2007
W2130875484,W2145195334,2007
W2130875484,W2152356627,2007
W2130875484,W4243768448,2007
W2130875484,W2147394532,2007
W2130875484,W2144992606,2007
W2130875484,W1998404833,2007
W2130875484,W2117150039,2007
W2130875484,W2091756462,2007
W2130875484,W2039740901,2007
W2130875484,W2094468738,2007
W2130875484,W3140388725,2007
W2130875484,W2035538552,2007
W2130875484,W2151119515,2007
W2130875484,W2003669746,2007
W2130875484,W1972641242,2007
W2130875484,W2109585498,2007
W2130875484,W2044512124,2007
W2130875484,W3142924357,2007
W2130875484,W2114084204,2007
W2130875484,W2108132349,2007
W2130875484,W2136408208,2007
W2130875484,W4248903100,2007
W2130875484,W2150874632,2007
W2130875484,W4246893779,2007
W2130875484,W2019433909,2007
W2130875484,W3151989094,2007
W2130875484,W4244737818,2007
W2130875484,W2035318283,2007
W2130875484,W2129803757,2007
W2130875484,W4300497458,2007
W2130875484,W6632599874,2007
W2130875484,W6698875716,2007
W2130875484,W2098300754,2007
W2130875484,W1525889347,2007
W2130875484,W1546610148,2007
W2130875484,W149807329,2007
W2130875484,W2312971565,2007
W2130875484,W2096484428,2007
W2130875484,W2113397971,2007
W2130875484,W1541242752,2007
W2130875484,W2103368830,2007
W2130875484,W227340800,2007
W2130875484,W4206316875,2007
W2130875484,W57863793,2007
W2130875484,W2129572693,2007
W2130875484,W1884010341,2007
W2130875484,W2089674853,2007
W2130875484,W168910556,2007
W2130875484,W4237817400,2007
W2130875484,W2171242795,2007
W2130875484,W2085655154,2007
W2130875484,W1732418284,2007
W2130875484,W2120176508,2007
W2130875484,W1823329909,2007
W2130875484,W2071392461,2007
W2102098109,W2108896137,2007
W2102098109,W2136645720,2007
W2102098109,W2036785860,2007
W2102098109,W6632683294,2007
W2102098109,W2086600232,2007
W2102098109,W2136917153,2007
W2102098109,W2162759588,2007
W2102098109,W2154052939,2007
W2102098109,W1532372340,2007
W2102098109,W2081237186,2007
W2102098109,W1993976422,2007
W2102098109,W2142900310,2007
W2102098109,W2123531537,2007
W2102098109,W2041545311,2007
W2102098109,W6630295924,2007
W2102098109,W2158810451,2007
W2102098109,W2022530159,2007
W2102098109,W2101606332,2007
W2102098109,W2131456310,2007
W2102098109,W6675472662,2007
W2102098109,W3151585654,2007
W2102098109,W2135392761,2007
W2102098109,W3147963387,2007
W2102098109,W2153620664,2007
W2102098109,W1509372252,2007
W2102098109,W2103557243,2007
W2102098109,W1543577391,2007
W2102098109,W2128357383,2007
W2102098109,W2136892133,2007
W2157624985,W6630905127,2007
W2157624985,W1948829771,2007
W2157624985,W4255272544,2007
W2157624985,W2118083741,2007
W2157624985,W2013912476,2007
W2157624985,W2050880896,2007
W2157624985,W2121899951,2007
W2157624985,W2112623849,2007
W2157624985,W6674354743,2007
W2157624985,W2127893047,2007
W2157624985,W2043718386,2007
W2157624985,W65460035,2007
W2157624985,W2160551639,2007
W2157624985,W6682276294,2007
W2157624985,W4238436885,2007
W2157624985,W2034997783,2007
W2157624985,W2136771689,2007
W2157624985,W1967320926,2007
W2157624985,W6677548441,2007
W2157624985,W2166583862,2007
W2157624985,W2058340587,2007
W2157624985,W4214540058,2007
W2157624985,W6682884191,2007
W2157624985,W1964181696,2007
W2157624985,W147143319,2007
W2157624985,W1980149518,2007
W2157624985,W2152239535,2007
W2157624985,W2153507502,2007
W2157624985,W1518273684,2007
W2157624985,W2113856781,2007
W2157624985,W2097502814,2007
W2157624985,W2135346934,2007
W2157624985,W2004217976,2007
W2157624985,W2062024414,2007
W2157624985,W2118877769,2007
W2165966087,W6637131181,2007
W2165966087,W2136614128,2007
W2165966087,W2132773990,2007
W2165966087,W2151530263,2007
W2165966087,W2061240327,2007
W2165966087,W2015556048,2007
W2165966087,W6637993476,2007
W2165966087,W2123741565,2007
W2165966087,W2106588364,2007
W2165966087,W6632318408,2007
W2165966087,W6672577535,2007
W2165966087,W4231029117,2007
W2165966087,W2018049120,2007
W2165966087,W6604033572,2007
W2165966087,W2006636107,2007
W2165966087,W2136393336,2007
W2165966087,W2074680184,2007
W2165966087,W2913872186,2007
W2165966087,W2119111481,2007
W2165966087,W2170936641,2007
W2165966087,W4247110399,2007
W2165966087,W2222512263,2007
W2165966087,W1973867972,2007
W2165966087,W6684744259,2007
W2165966087,W2090150367,2007
W2165966087,W1613201427,2007
W2165966087,W2154744758,2007
W2165966087,W2166775858,2007
W2165966087,W1971781829,2007
W2165966087,W1575027429,2007
W2165966087,W2295819840,2007
W2165966087,W1681888921,2007
W2165966087,W2095897464,2007
W2165966087,W4247630466,2007
W2165966087,W1523947929,2007
W2165966087,W2034694694,2007
W2165966087,W882228,2007
W2165966087,W1588460984,2007
W2165966087,W1541720149,2007
W2165966087,W2017018978,2007
W2165966087,W2023448752,2007
W2165966087,W2914885528,2007
W2165966087,W1673310716,2007
W2165966087,W2102337314,2007
W2165966087,W1594453896,2007
W2165966087,W1991691398,2007
W2165966087,W97512110,2007
W2165966087,W48501886,2007
W2165966087,W2081206009,2007
W2165966087,W1543335880,2007
W2165966087,W169424527,2007
W2165966087,W92453977,2007
W2165966087,W2095056587,2007
W2165966087,W2037701287,2007
W2165966087,W2093191240,2007
W2165966087,W2405686381,2007
W2165966087,W2120329225,2007
W2165966087,W2096070028,2007
W2165966087,W2072829559,2007
W2165966087,W2141461755,2007
W2165966087,W69767005,2007
W2165966087,W175342180,2007
W2165966087,W1552339598,2007
W2165966087,W60890580,2007
W2165966087,W3022790342,2007
W2165966087,W2087221762,2007
W2165966087,W1838945765,2007
W2165966087,W2142670185,2007
W2165966087,W1785211479,2007
W2116994965,W2138043589,2007
W2116994965,W6639055396,2007
W2116994965,W2130660124,2007
W2116994965,W2121640955,2007
W2116994965,W2141018272,2007
W2116994965,W2114313114,2007
W2116994965,W2066610120,2007
W2116994965,W1710511026,2007
W2116994965,W1910357707,2007
W2116994965,W2148151237,2007
W2116994965,W1969159535,2007
W2116994965,W2170480930,2007
W2116994965,W2025825835,2007
W2116994965,W2134685109,2007
W2116994965,W1854214752,2007
W2116994965,W3158908792,2007
W2101246814,W2738487222,2007
W2101246814,W2138199375,2007
W2101246814,W2168440500,2007
W2101246814,W1542256361,2007
W2101246814,W2071362072,2007
W2101246814,W6682828673,2007
W2101246814,W3145503734,2007
W2101246814,W40890042,2007
W2101246814,W2149028520,2007
W2101246814,W2157025482,2007
W2101246814,W67050709,2007
W2101246814,W1544152542,2007
W2101246814,W4253379852,2007
W2160449451,W3147597245,2007
W2160449451,W2149827033,2007
W2164223342,W4255692800,2007
W2164223342,W2145265950,2007
W2164223342,W2126415191,2007
W2164223342,W2111920879,2007
W2164223342,W6684073280,2007
W2164223342,W4709571,2007
W2164223342,W4231029117,2007
W2164223342,W2057977029,2007
W2164223342,W2067452215,2007
W2164223342,W4233422246,2007
W2164223342,W2155675108,2007
W2164223342,W2119111481,2007
W2164223342,W2132626343,2007
W2164223342,W2131687179,2007
W2164223342,W2083322541,2007
W2164223342,W3151945894,2007
W2164223342,W2077563279,2007
W2164223342,W6679849079,2007
W2164223342,W2109257417,2007
W2164223342,W2016381774,2007
W2164223342,W2014430235,2007
W2164223342,W2045248798,2007
W2164223342,W2109643392,2007
W2164223342,W4230674625,2007
W2164223342,W2126321334,2007
W2164223342,W4298882835,2007
W2164223342,W2798467410,2007
W2164223342,W2095897464,2007
W2164223342,W2134089414,2007
W2164223342,W2034694694,2007
W2164223342,W3145929700,2007
W2164223342,W2163925089,2007
W2164223342,W2156909104,2007
W3151130557,W4245217443,2007
W3151130557,W1992824033,2007
W3151130557,W1969045498,2007
W3151130557,W2169620084,2007
W3151130557,W1992928607,2007
W3151130557,W2052255065,2007
W3151130557,W6681571899,2007
W3151130557,W2136614128,2007
W3151130557,W2047046780,2007
W3151130557,W2913872186,2007
W3151130557,W4245891287,2007
W3151130557,W2126415191,2007
W3151130557,W2151530263,2007
W3151130557,W4238723273,2007
W3151130557,W2121155062,2007
W3151130557,W2171036274,2007
W3151130557,W1932370209,2007
W3151130557,W6637931447,2007
W3151130557,W6679894397,2007
W3151130557,W2020323341,2007
W3151130557,W2100120619,2007
W3151130557,W2034746304,2007
W3151130557,W2151514706,2007
W3151130557,W4231311245,2007
W3151130557,W4242628327,2007
W3151130557,W2738487222,2007
W3151130557,W6630893070,2007
W3151130557,W4250305371,2007
W3151130557,W2671739255,2007
W3151130557,W2068959787,2007
W3151130557,W2106588364,2007
W3151130557,W2062937620,2007
W3151130557,W2138199375,2007
W3151130557,W2153217804,2007
W3151130557,W2145646037,2007
W3151130557,W1594453896,2007
W3151130557,W1512287614,2007
W3151130557,W1775412516,2007
W3151130557,W2134732931,2007
W3151130557,W280693889,2007
W2093903345,W6679904873,2007
W2093903345,W3124261657,2007
W2093903345,W2038631615,2007
W2093903345,W4233027318,2007
W2093903345,W2142094977,2007
W2093903345,W4238998169,2007
W2093903345,W1975016232,2007
W2093903345,W2147823926,2007
W2093903345,W1896125358,2007
W2093903345,W2168173186,2007
W2093903345,W6604372201,2007
W2093903345,W1994090818,2007
W2093903345,W2161552879,2007
W2093903345,W2102775690,2007
W2093903345,W1992928607,2007
W2093903345,W2100757236,2007
W2093903345,W1963699033,2007
W2093903345,W1980351428,2007
W2093903345,W6755776704,2007
W2093903345,W2110930288,2007
W2093903345,W2138232041,2007
W2093903345,W1741471588,2007
W2093903345,W2168814736,2007
W2093903345,W1987522255,2007
W2093903345,W2032843080,2007
W2093903345,W1997063522,2007
W2093903345,W2151514706,2007
W2093903345,W2002779084,2007
W2093903345,W2126249051,2007
W2093903345,W1992824033,2007
W2093903345,W4244828896,2007
W2093903345,W2313247506,2007
W2093903345,W4256320826,2007
W2093903345,W2983995785,2007
W2093903345,W2105552354,2007
W2093903345,W3093110585,2007
W2093903345,W2165966087,2007
W2093903345,W1535174579,2007
W2093903345,W106656158,2007
W2093903345,W2044950274,2007
W2093903345,W2102337314,2007
W2093903345,W600536299,2007
W2093903345,W2123586642,2007
W2093903345,W2153691814,2007
W2093903345,W296178845,2007
W2093903345,W2028629107,2007
W2093903345,W1497740227,2007
W2093903345,W2119828234,2007
W2093903345,W2134050741,2007
W2093903345,W2117589606,2007
W2093903345,W2901423807,2007
W2093903345,W2914973542,2007
W2093903345,W1979320841,2007
W2093903345,W2104658797,2007
W2093903345,W2012878053,2007
W2093903345,W2107756083,2007
W2093903345,W2022194882,2007
W2093903345,W1511827303,2007
W2093903345,W2576297379,2007
W2093903345,W2135880665,2007
W2093903345,W3150015706,2007
W2093903345,W1576629314,2007
W2093903345,W2154073950,2007
W2093903345,W2169240853,2007
W2093903345,W1516293359,2007
W2093903345,W4285719527,2007
W2093903345,W2009077998,2007
W2093903345,W1982839353,2007
W2093903345,W2157278425,2007
W2093903345,W2131737623,2007
W2093903345,W1594453896,2007
W2093903345,W2493656182,2007
W2093903345,W2087438815,2007
W2093903345,W2158707444,2007
W2093903345,W2082618076,2007
W2093903345,W2140036595,2007
W2093903345,W587016256,2007
W2093903345,W91975816,2007
W2093903345,W2102317605,2007
W2094584087,W56350200,2007
W2094584087,W4285719527,2007
W2094584087,W2120814856,2007
W2094584087,W1526146785,2007
W2094584087,W2119821739,2007
W2094584087,W2041413176,2007
W2094584087,W2146191280,2007
W2094584087,W1566346388,2007
W2094584087,W2022677886,2007
W2094584087,W2153635508,2007
W2094584087,W2146960529,2007
W2094584087,W2138627627,2007
W2101562177,W6631357650,2007
W2101562177,W2146544759,2007
W2101562177,W2077149997,2007
W2101562177,W6684552912,2007
W2101562177,W6635668259,2007
W2101562177,W1523171189,2007
W2101562177,W2167702024,2007
W2101562177,W1594453896,2007
W2101562177,W2155822737,2007
W2113470086,W6636439109,2007
W2113470086,W2135880665,2007
W2113470086,W1607675442,2007
W2113470086,W2121513440,2007
W2113470086,W1507165380,2007
W2113470086,W1607334069,2007
W2107174460,W2168783124,2007
W2107174460,W6630170847,2007
W2107174460,W2164085656,2007
W2107174460,W2160053034,2007
W2107174460,W2168103533,2007
W2107174460,W1981101983,2007
W2107174460,W2124262094,2007
W2107174460,W2106882534,2007
W2107174460,W6632913249,2007
W2107174460,W2143772272,2007
W2107174460,W2017956424,2007
W2107174460,W2133253129,2007
W2107174460,W2045282674,2007
W2107174460,W2134273787,2007
W2107174460,W2131071012,2007
W2107174460,W2158714788,2007
W2107174460,W1549410596,2007
W2107174460,W2315761891,2007
W2107174460,W2103934658,2007
W2107174460,W2062393514,2007
W2107174460,W1991691398,2007
W2107174460,W1502600718,2007
W2078062707,W2047167129,2007
W2168318855,W6677063681,2007
W2168318855,W86904456,2007
W2168318855,W4251304284,2007
W2168318855,W4255692800,2007
W2168318855,W2047046780,2007
W2168318855,W1613201427,2007
W2168318855,W4236888462,2007
W2168318855,W2000994652,2007
W2168318855,W2121155062,2007
W2168318855,W2160382748,2007
W2168318855,W2097345819,2007
W2168318855,W2151530263,2007
W2168318855,W4247110399,2007
W2168318855,W2017018978,2007
W2168318855,W2140190241,2007
W2168318855,W2161581092,2007
W2168318855,W2111736285,2007
W2168318855,W2113914890,2007
W2168318855,W2054613861,2007
W2168318855,W1594453896,2007
W2168318855,W2034694694,2007
W2168318855,W2114005694,2007
W2168318855,W2123685385,2007
W2168318855,W2911963155,2007
W2127990234,W2165662062,2007
W4248481136,W2135880665,2007
W4248481136,W2130598194,2007
W4248481136,W2294316503,2007
W4248481136,W2121003513,2007
W4248481136,W2161133721,2007
W4248481136,W2165662062,2007
W4248481136,W1989377254,2007
W4248481136,W2141018272,2007
W4248481136,W1493949745,2007
W4248481136,W150556556,2007
W4248481136,W2102337314,2007
W4248481136,W1553560206,2007
W4248481136,W4236520986,2007
W4248481136,W1992928607,2007
W4248481136,W2127990234,2007
W4248481136,W2043343860,2007
W4248481136,W2122843645,2007
W4248481136,W2044145621,2007
W4248481136,W2040007391,2007
W4248481136,W2140501570,2007
W4248481136,W2020546776,2007
W4248481136,W2014380238,2007
W4248481136,W2115517714,2007
W4248481136,W1973787390,2007
W4248481136,W60444426,2007
W4248481136,W1516293359,2007
W4248481136,W2028878459,2007
W4248481136,W2155822737,2007
W1977282698,W6684503670,2007
W1977282698,W2029049979,2007
W1977282698,W2081469005,2007
W1977282698,W1997673318,2007
W1977282698,W1496744709,2007
W1977282698,W2002151188,2007
W1977282698,W2314104081,2007
W1977282698,W1581749826,2007
W1977282698,W6606697679,2007
W1977282698,W1964884301,2007
W1977282698,W1995884203,2007
W1977282698,W6632102171,2007
W1977282698,W2124181495,2007
W1977282698,W6989338915,2007
W1977282698,W2134889262,2007
W1977282698,W6604134911,2007
W1977282698,W4317640059,2007
W1977282698,W2582743722,2007
W1977282698,W2093239523,2007
W1977282698,W1947353191,2007
W1977282698,W2101585249,2007
W1977282698,W2130203599,2007
W1977282698,W2134590684,2007
W1977282698,W1536447791,2007
W1977282698,W20038462,2007
W1977282698,W98698602,2007
W1977282698,W166129015,2007
W1977282698,W2798056406,2007
W1977282698,W2075563244,2007
W1977282698,W58265411,2007
W1977282698,W2166931027,2007
W1977282698,W4289256736,2007
W1977282698,W2611736676,2007
W1977282698,W3026721701,2007
W2146695947,W176996,2007
W2146695947,W2167132002,2007
W2146695947,W2009312480,2007
W2146695947,W2104384523,2007
W2146695947,W1513211366,2007
W2146695947,W4243957593,2007
W2146695947,W2055211774,2007
W2146695947,W1584918478,2007
W2146695947,W1956559956,2007
W2146695947,W259338706,2007
W2146695947,W2140190241,2007
W2146695947,W2325227998,2007
W2146695947,W2912780347,2007
W2108808118,W2171036274,2007
W2108808118,W2148151237,2007
W2108808118,W2153217804,2007
W2108808118,W2138199375,2007
W2108808118,W2013985061,2007
W2108808118,W6675376478,2007
W2108808118,W2168543113,2007
W2108808118,W2148848666,2007
W2108808118,W2155305908,2007
W2108808118,W1973886263,2007
W2108808118,W6637774586,2007
W2108808118,W3145314891,2007
W2108808118,W2106738877,2007
W2108808118,W1613201427,2007
W2108808118,W1781211963,2007
W2108808118,W2112440119,2007
W2108808118,W3150686315,2007
W2108808118,W2101445598,2007
W2108808118,W2128852435,2007
W2137215532,W2167482691,2007
W2137215532,W4252824811,2007
W2137215532,W1974339500,2007
W2137215532,W2131619859,2007
W2137215532,W7011740287,2007
W2137215532,W1964744646,2007
W2137215532,W2083479198,2007
W2137215532,W2141018272,2007
W2137215532,W353806839,2007
W2137215532,W2045108252,2007
W2137215532,W2128859735,2007
W2137215532,W2113041963,2007
W2137215532,W3149684929,2007
W2137215532,W2167081989,2007
W2137215532,W2479500547,2007
W2137215532,W1557284415,2007
W2137215532,W2106841726,2007
W2137215532,W2128554541,2007
W2137215532,W2098162425,2007
W2137215532,W2121714916,2007
W2137215532,W2071106922,2007
W2137215532,W6674647444,2007
W2137215532,W2132747517,2007
W2137215532,W3145074154,2007
W2137215532,W2978522494,2007
W2137215532,W2145519405,2007
W2137215532,W2097706568,2007
W2137215532,W4251822976,2007
W2137215532,W3099514962,2007
W2137215532,W1589993665,2007
W2137215532,W2119471108,2007
W2156017999,W2146486625,2007
W2156017999,W6753741636,2007
W2156017999,W2126806883,2007
W2156017999,W6605842772,2007
W2156017999,W6630521265,2007
W2156017999,W6682250325,2007
W2156017999,W6662308525,2007
W2156017999,W1601275155,2007
W2156017999,W2127713077,2007
W2156017999,W2017014446,2007
W2156017999,W2151530263,2007
W2156017999,W2063329049,2007
W2156017999,W2046629158,2007
W2156017999,W4205810926,2007
W2156017999,W2106281550,2007
W2156017999,W1991015481,2007
W2156017999,W4242436284,2007
W2156017999,W2139338182,2007
W2156017999,W2119091591,2007
W2156017999,W2102337314,2007
W2156017999,W2146680453,2007
W2156017999,W1487235154,2007
W2156017999,W3148950651,2007
W2156017999,W6678487321,2007
W2156017999,W2085586986,2007
W2156017999,W2050427657,2007
W2156017999,W2133116631,2007
W2156017999,W2104217798,2007
W2156017999,W2155843307,2007
W2156017999,W2046974252,2007
W2156017999,W1516293359,2007
W2156017999,W2746921690,2007
W2156017999,W644041320,2007
W2156017999,W2888646700,2007
W2156017999,W2158080970,2007
W2156017999,W2618814260,2007
W2156017999,W2126046271,2007
W2156017999,W2069230745,2007
W2156017999,W2565998017,2007
W2156017999,W2143622779,2007
W2156017999,W2080560262,2007
W2156017999,W1511720772,2007
W2156017999,W2148806321,2007
W2156017999,W1535517383,2007
W2156017999,W146067509,2007
W2156017999,W2162583366,2007
W2124659512,W2114870486,2007
W2124659512,W1933784129,2007
W2131814648,W3148562542,2007
W2131814648,W6603787343,2007
W2131814648,W1992928607,2007
W2131814648,W92453977,2007
W2131814648,W2044145621,2007
W2125118583,W2151530263,2007
W2125118583,W2103822396,2007
W2125118583,W169914508,2007
W2125118583,W2159811067,2007
W2125118583,W6675091549,2007
W2125118583,W1963822838,2007
W2125118583,W2106883686,2007
W2125118583,W6629213762,2007
W2125118583,W1964573907,2007
W2125118583,W2029422417,2007
W2125118583,W2109608629,2007
W2125118583,W4298374011,2007
W2125118583,W4242123375,2007
W2125118583,W2330519819,2007
W2125118583,W1486296430,2007
W2125118583,W2097236039,2007
W2125118583,W1985014571,2007
W2097257601,W2121932969,2007
W2097257601,W2089509121,2007
W2097257601,W6630764790,2007
W2097257601,W2063329049,2007
W2097257601,W2134511994,2007
W2097257601,W6676632134,2007
W2097257601,W1998705278,2007
W2097257601,W1608844340,2007
W2097257601,W6682966173,2007
W2097257601,W4242628327,2007
W2097257601,W6629194809,2007
W2097257601,W1963822838,2007
W2097257601,W2144006900,2007
W2097257601,W1540115992,2007
W2097257601,W2147846431,2007
W2097257601,W4254245176,2007
W2097257601,W6633095192,2007
W2097257601,W2117592631,2007
W2097257601,W2052425739,2007
W2097257601,W6674599414,2007
W2097257601,W2097236039,2007
W2097257601,W1823329909,2007
W2097257601,W2914973542,2007
W2097257601,W2110139872,2007
W2097257601,W1513558807,2007
W2097257601,W1552584884,2007
W2097257601,W4241024087,2007
W2097257601,W2099166093,2007
W2097257601,W2158080970,2007
W2097257601,W1865994522,2007
W2097257601,W1486461328,2007
W4250128948,W2032799161,2007
W4250128948,W2121768280,2007
W4250128948,W1510175810,2007
W4250128948,W2020602420,2007
W4250128948,W2153735780,2007
W4250128948,W2128938146,2007
W4250128948,W2108666265,2007
W4250128948,W4241351591,2007
W4250128948,W2131737623,2007
W4250128948,W4249917220,2007
W4250128948,W2112468969,2007
W4250128948,W3148562542,2007
W4250128948,W2044145621,2007
W4250128948,W2121065592,2007
W4250128948,W2155822737,2007
W4250128948,W2181314707,2007
W2063560027,W2046453401,2007
W2063560027,W1853767801,2007
W2063560027,W2073832139,2007
W2063560027,W2122827492,2007
W2063560027,W2074920411,2007
W2063560027,W2009625798,2007
W2063560027,W2131260550,2007
W2063560027,W2169078082,2007
W2063560027,W1976338956,2007
W2063560027,W1997366678,2007
W2063560027,W2090839751,2007
W2063560027,W2018274420,2007
W2063560027,W1485174832,2007
W2063560027,W1594453896,2007
W2063560027,W2077582043,2007
W2127880520,W6645014053,2007
W2127880520,W6635893528,2007
W2127880520,W2094584087,2007
W2127880520,W1602831581,2007
W2127880520,W1978394996,2007
W2102165283,W180029954,2007
W2102165283,W2152755317,2007
W2102165283,W2131664240,2007
W2102165283,W1539499441,2007
W2102165283,W1516293359,2007
W4251748585,W6679904873,2007
W4251748585,W2155822737,2007
W4251748585,W1507165380,2007
W4251748585,W2135880665,2007
W4251748585,W6679904873,2007
W4251748585,W2155822737,2007
W4251748585,W1507165380,2007
W4251748585,W2135880665,2007
W2132781340,W7048665905,2007
W2132781340,W2294914434,2007
W2132781340,W2032843080,2007
W2132781340,W2738487222,2007
W2132781340,W2044088853,2007
W2132781340,W1972644898,2007
W2132781340,W1546650522,2007
W2132781340,W2171020951,2007
W2132781340,W2145063381,2007
W2132781340,W2071106879,2007
W2132781340,W6966654682,2007
W2132781340,W2072008013,2007
W2132781340,W6608261740,2007
W2132781340,W2152284345,2007
W2132781340,W1996063403,2007
W2132781340,W2024669286,2007
W2132781340,W2022891825,2007
W2132781340,W2082954984,2007
W2132781340,W4292862031,2007
W2132781340,W2152245018,2007
W2132781340,W3145042860,2007
W2132781340,W1573558308,2007
W2132781340,W1594453896,2007
W2132781340,W2116021465,2007
W2132781340,W2093753056,2007
W2132781340,W3116006368,2007
W2132781340,W1748815599,2007
W2132781340,W2165741325,2007
W2132781340,W2111122424,2007
W2132781340,W2963395679,2007
W2137763384,W3148562542,2007
W2137763384,W6603787343,2007
W2137763384,W2044145621,2007
W2137763384,W92453977,2007
W2137763384,W1992928607,2007
W2133974090,W3172871972,2007
W2104131857,W6645014053,2007
W2104131857,W6635893528,2007
W2104131857,W2094584087,2007
W2104131857,W1978394996,2007
W2104131857,W1602831581,2007
W2171633249,W6602480172,2007
W2171633249,W2074087940,2007
W2171633249,W62490404,2007
W2171633249,W2141233457,2007
W2171633249,W6602480172,2007
W2171633249,W2074087940,2007
W2171633249,W62490404,2007
W2171633249,W2141233457,2007
W4242137558,W3140237856,2007
W4242137558,W1972644898,2007
W4242137558,W2111122424,2007
W4242137558,W2138334256,2007
W4242137558,W1503104334,2007
W4242137558,W2318377910,2007
W4242137558,W1996908850,2007
W4242137558,W2116216325,2007
W4242137558,W2141631351,2007
W4242137558,W2048392812,2007
W4242137558,W1982949059,2007
W4242137558,W2093753056,2007
W4242137558,W2132781340,2007
W4242137558,W2145063381,2007
W4242137558,W4253380179,2007
W4242137558,W4229995924,2007
W4242137558,W2034331023,2007
W4242137558,W1605711022,2007
W4242137558,W2100335205,2007
W4242137558,W4292003697,2007
W4242137558,W158057341,2007
W2071075488,W2087993711,2007
W2071075488,W6676588441,2007
W2071075488,W2167306162,2007
W2071075488,W2152245018,2007
W2071075488,W4248776151,2007
W2071075488,W2013378906,2007
W2071075488,W2061901927,2007
W2071075488,W1990435776,2007
W2071075488,W2110707424,2007
W4236983726,W2171671453,2007
W4236983726,W4252223054,2007
W4236983726,W2089583577,2007
W4236983726,W2082990775,2007
W4236983726,W2003672065,2007
W4236983726,W2130693407,2007
W4236983726,W2122794007,2007
W4236983726,W2054322519,2007
W4236983726,W4390565523,2007
W4236983726,W1588957466,2007
W4236983726,W3023540311,2007
W4236983726,W4236282865,2007
W2145262290,W2170330410,2007
W2145262290,W6676716839,2007
W2145262290,W6749445080,2007
W2145262290,W6674964914,2007
W2145262290,W6637246823,2007
W2145262290,W2160269501,2007
W2145262290,W1986031192,2007
W2145262290,W1540426453,2007
W2145262290,W6680847921,2007
W2145262290,W3141756441,2007
W2145262290,W2143132250,2007
W2145262290,W1668474191,2007
W2145262290,W2167235255,2007
W2145262290,W2098307937,2007
W2145262290,W2791267642,2007
W2145262290,W2230504759,2007
W2145262290,W2110750557,2007
W1975668676,W2165662062,2007
W1975668676,W2127990234,2007
W2150085383,W2147846431,2007
W2150085383,W2102337314,2007
W2150085383,W2055351791,2007
W2150085383,W2089463122,2007
W2150085383,W2915648787,2007
W2150085383,W1528886457,2007
W2150085383,W2025661610,2007
W2150085383,W2108870690,2007
W2150085383,W1617242785,2007
W2150085383,W2040435045,2007
W2150085383,W2121838365,2007
W2150085383,W2164244016,2007
W2150085383,W2085337093,2007
W2150085383,W2126952686,2007
W2150085383,W2088009038,2007
W2150085383,W2126815886,2007
W2150085383,W2161868490,2007
W2150085383,W2167121457,2007
W2150085383,W2134253020,2007
W2150085383,W2121955354,2007
W2150085383,W4245245049,2007
W2150085383,W1978322172,2007
W2150085383,W1992419399,2007
W2150085383,W2013088214,2007
W2150085383,W2037647672,2007
W2150085383,W6683237996,2007
W2150085383,W4232583295,2007
W2150085383,W2126415191,2007
W2150085383,W1989958013,2007
W2150085383,W2115461704,2007
W2150085383,W2144968430,2007
W2150085383,W2114865146,2007
W2150085383,W2166828145,2007
W2150085383,W1546017104,2007
W2150085383,W2129086861,2007
W2150085383,W3145929700,2007
W2150085383,W2128938146,2007
W2150085383,W2140975946,2007
W2150085383,W2050427657,2007
W2150085383,W2095143229,2007
W2150085383,W2138199375,2007
W2150085383,W2040688751,2007
W2150085383,W2140425659,2007
W2150085383,W4230590651,2007
W2150085383,W2164455316,2007
W2150085383,W6630345634,2007
W2150085383,W2131898753,2007
W2150085383,W6633136263,2007
W2150085383,W1974184852,2007
W2150085383,W6677063681,2007
W2150085383,W113374983,2007
W2150085383,W2145646037,2007
W2150085383,W4242788393,2007
W2150085383,W2106441507,2007
W2150085383,W1504764518,2007
W2150085383,W1551726322,2007
W2150085383,W2163925089,2007
W2150085383,W3143658294,2007
W2150085383,W1516293359,2007
W2150085383,W2109761310,2007
W2150085383,W2134912976,2007
W2150085383,W2114005694,2007
W2150085383,W2157163711,2007
W2146714630,W2049159115,2007
W2146714630,W2133706996,2007
W2146714630,W2111887035,2007
W2146714630,W4236888462,2007
W2146714630,W2116984520,2007
W2146714630,W2106870608,2007
W2146714630,W1587232488,2007
W2146714630,W6639266692,2007
W2146714630,W1968305696,2007
W2146714630,W4255938757,2007
W2146714630,W2116338770,2007
W2146714630,W2130675236,2007
W2146714630,W2050427657,2007
W2146714630,W2086050593,2007
W2146714630,W2002278016,2007
W2146714630,W2161581092,2007
W2146714630,W4242788393,2007
W2146714630,W1878983526,2007
W2146714630,W2074494141,2007
W2125215841,W2101096043,2007
W2125215841,W2103497666,2007
W2125215841,W4230413629,2007
W2125215841,W2157358488,2007
W2125215841,W2017756939,2007
W2125215841,W2082844728,2007
W2125215841,W2129109939,2007
W2125215841,W2126617470,2007
W2125215841,W1972170794,2007
W2125215841,W2999276620,2007
W2125215841,W2132881639,2007
W2125215841,W4241215218,2007
W2125215841,W2130675236,2007
W2125215841,W2132916101,2007
W2125215841,W2086050593,2007
W2125215841,W4247537457,2007
W2125215841,W2059636449,2007
W2125215841,W2108075477,2007
W2125215841,W2126249051,2007
W2125215841,W6649377552,2007
W2125215841,W1655654231,2007
W2125215841,W2131671232,2007
W2125215841,W1996381900,2007
W2125215841,W4299298909,2007
W2125215841,W2121378366,2007
W2125215841,W2155843307,2007
W2125215841,W2516577816,2007
W2125215841,W4249393364,2007
W2125215841,W2610685016,2007
W2125215841,W1524143658,2007
W2125215841,W3034407302,2007
W2125215841,W2099166093,2007
W2125215841,W2327525319,2007
W2125227611,W6683614057,2007
W2125227611,W2033288247,2007
W2125227611,W2124783468,2007
W2125227611,W2296269484,2007
W2125227611,W1979145590,2007
W2125227611,W1969684495,2007
W2125227611,W2131071012,2007
W2125227611,W2089463122,2007
W2125227611,W334897117,2007
W2125227611,W2157358488,2007
W2125227611,W6676826352,2007
W2125227611,W4230696817,2007
W2125227611,W2106174406,2007
W2125227611,W2041733557,2007
W2125227611,W2121955354,2007
W2125227611,W4236888462,2007
W2125227611,W1995571060,2007
W2125227611,W2129109939,2007
W2125227611,W4253932798,2007
W2125227611,W2124262094,2007
W2125227611,W2130675236,2007
W2125227611,W2141837194,2007
W2125227611,W1951377197,2007
W2125227611,W6681124617,2007
W2125227611,W2106588364,2007
W2125227611,W2010065184,2007
W2125227611,W1735790193,2007
W2125227611,W2097345819,2007
W2125227611,W6682507963,2007
W2125227611,W4234779140,2007
W2125227611,W2112619565,2007
W2125227611,W4247556202,2007
W2125227611,W2158169170,2007
W2125227611,W1531523252,2007
W2125227611,W2143193594,2007
W2125227611,W2042642356,2007
W2125227611,W2141894283,2007
W2125227611,W2161581092,2007
W2125227611,W1604437383,2007
W2125227611,W2150925050,2007
W2125227611,W4242777928,2007
W2125227611,W4241795643,2007
W2125227611,W70321236,2007
W2108458429,W2153074717,2007
W2108458429,W4212795873,2007
W2108458429,W2121003513,2007
W2108458429,W4301013381,2007
W2108458429,W2141023095,2007
W2108458429,W1969684495,2007
W2108458429,W2009836421,2007
W2108458429,W6681329483,2007
W2108458429,W1991691398,2007
W2108458429,W2102570173,2007
W2108458429,W6631702025,2007
W2108458429,W2336425258,2007
W2108458429,W1546650522,2007
W2108458429,W266716723,2007
W2108458429,W4249646082,2007
W2108458429,W2168440500,2007
W2108458429,W2118772539,2007
W2108458429,W6678687322,2007
W2108458429,W2130774862,2007
W2108458429,W2124832696,2007
W2108458429,W2014831132,2007
W2108458429,W1881739113,2007
W2108458429,W2141033859,2007
W2108458429,W2145436368,2007
W2108458429,W3147073592,2007
W2108458429,W1512665638,2007
W2108458429,W2171373347,2007
W2108458429,W4245217443,2007
W2108458429,W2089058086,2007
W2108458429,W1537894959,2007
W2108458429,W2059320483,2007
W2108458429,W2002500403,2007
W2108458429,W1602132975,2007
W2108458429,W3139661953,2007
W2108458429,W2315761891,2007
W2108458429,W1527423018,2007
W2108458429,W2093772787,2007
W2108458429,W2126653334,2007
W2108458429,W2506782645,2007
W2108458429,W2105683323,2007
W2108458429,W3144904622,2007
W2108458429,W2138134117,2007
W2108458429,W1586442777,2007
W2108458429,W2116837306,2007
W2108458429,W1516293359,2007
W2108458429,W2098454324,2007
W2108458429,W2142602604,2007
W2108458429,W3021498212,2007
W2156830495,W2146308472,2007
W2156830495,W2045012623,2007
W2156830495,W2130675236,2007
W2156830495,W4245891287,2007
W2156830495,W2056273964,2007
W2156830495,W2050885482,2007
W2156830495,W2106441507,2007
W2156830495,W2086050593,2007
W2156830495,W1496054714,2007
W2156830495,W2123697491,2007
W2156830495,W4247556202,2007
W2156830495,W3145400876,2007
W2156830495,W4255938757,2007
W2156830495,W2086230509,2007
W2156830495,W2138447434,2007
W2156830495,W57332734,2007
W2156830495,W6639266692,2007
W2156830495,W2118130509,2007
W2156830495,W6605979184,2007
W2156830495,W1995730430,2007
W2156830495,W6634960326,2007
W2156830495,W2111303992,2007
W2156830495,W2023394292,2007
W2156830495,W1579688851,2007
W2156830495,W2131671232,2007
W2156830495,W6633541664,2007
W2156830495,W1972151695,2007
W2156830495,W2158065945,2007
W2156830495,W2071353749,2007
W2156830495,W2058594920,2007
W2156830495,W2997776631,2007
W2156830495,W4212899374,2007
W2156830495,W2086139432,2007
W2156830495,W1483681246,2007
W2156830495,W2153039146,2007
W2156830495,W4249894953,2007
W2156830495,W4299298909,2007
W2156830495,W1585089965,2007
W2156830495,W2144676185,2007
W2156830495,W4249459224,2007
W2156830495,W2090275183,2007
W2156830495,W1589029596,2007
W2156830495,W1932144848,2007
W2156830495,W2074494141,2007
W2156830495,W2610685016,2007
W2156830495,W2895619693,2007
W2156830495,W2317592308,2007
W2156830495,W2146872957,2007
W2156830495,W2339500526,2007
W2156830495,W2155843307,2007
W2156830495,W147220008,2007
W2156830495,W2150925050,2007
W2156830495,W1556302155,2007
W2156830495,W1878983526,2007
W2156830495,W1966888503,2007
W2114237164,W2047120335,2007
W2114237164,W2066089156,2007
W2114237164,W1972397333,2007
W2114237164,W2002836289,2007
W2114237164,W4243166203,2007
W2114237164,W2154969126,2007
W2114237164,W2106886390,2007
W2114237164,W6635761713,2007
W2114237164,W2046736307,2007
W2114237164,W2131586477,2007
W2114237164,W2114566476,2007
W2114237164,W2042243448,2007
W2114237164,W2027380308,2007
W2114237164,W2282743468,2007
W2114237164,W6635668259,2007
W2114237164,W2039058345,2007
W2114237164,W1997940445,2007
W2114237164,W4379159878,2007
W2114237164,W4246026149,2007
W2114237164,W1599043334,2007
W2114237164,W2032293917,2007
W2114237164,W2515913467,2007
W2114237164,W2484295234,2007
W2114237164,W1594453896,2007
W2114237164,W2463756761,2007
W2114237164,W2398526779,2007
W2122991194,W2129252029,2007
W2122991194,W2155880554,2007
W2122991194,W2138447434,2007
W2122991194,W2004089651,2007
W2122991194,W1989019149,2007
W2122991194,W2164480865,2007
W2122991194,W2145654759,2007
W2122991194,W4242757675,2007
W2122991194,W2126833378,2007
W2122991194,W2010690661,2007
W2122991194,W2134685109,2007
W2122991194,W2029182108,2007
W2122991194,W2132313289,2007
W2122991194,W1965798541,2007
W2122991194,W3150686315,2007
W2122991194,W2131567213,2007
W2122991194,W1989086604,2007
W2122991194,W1547533132,2007
W2122991194,W2001051966,2007
W2122991194,W4301761929,2007
W2122991194,W1529253181,2007
W2122991194,W4214652928,2007
W2122991194,W2101445598,2007
W2122991194,W4210363632,2007
W2122991194,W2056589086,2007
W2115517714,W2140036595,2007
W2115517714,W2102317605,2007
W2115517714,W2012354198,2007
W2115517714,W2108755093,2007
W2115517714,W2152058270,2007
W2115517714,W2084097519,2007
W2115517714,W2015581928,2007
W2115517714,W2131737623,2007
W2115517714,W2134594352,2007
W2115517714,W1988788350,2007
W2115517714,W2107273830,2007
W2115517714,W2142893151,2007
W2115517714,W4255938757,2007
W2115517714,W6688944313,2007
W2115517714,W1976551587,2007
W2115517714,W2109891159,2007
W2115517714,W2140031326,2007
W2115517714,W2136454326,2007
W2115517714,W2123110920,2007
W2115517714,W2071380303,2007
W2115517714,W2163438803,2007
W2115517714,W2012417801,2007
W2115517714,W2124956025,2007
W2115517714,W2138199375,2007
W2115517714,W2106441507,2007
W2115517714,W2033492428,2007
W2115517714,W2155027355,2007
W2115517714,W2121172310,2007
W2115517714,W2094743464,2007
W2115517714,W2118302132,2007
W2115517714,W2111421274,2007
W2115517714,W2100757236,2007
W2115517714,W2155733062,2007
W2115517714,W1823329909,2007
W2115517714,W1594453896,2007
W2115517714,W2074494141,2007
W2115517714,W2610685016,2007
W2115517714,W2106814120,2007
W2115517714,W1996136679,2007
W2115517714,W2222842558,2007
W2115517714,W2155843307,2007
W2115517714,W2327525319,2007
W2115517714,W1598048033,2007
W2115517714,W1588957466,2007
W2105894416,W173418830,2007
W2105894416,W6681104111,2007
W2105894416,W1983936280,2007
W2105894416,W6676149757,2007
W2105894416,W2049763161,2007
W2105894416,W2528207947,2007
W2105894416,W6743282787,2007
W2105894416,W6607010233,2007
W2105894416,W6634712262,2007
W2105894416,W2004424123,2007
W2105894416,W2148848666,2007
W2105894416,W2138199375,2007
W2105894416,W204790106,2007
W2105894416,W2075274160,2007
W2105894416,W2106738877,2007
W2105894416,W2032293917,2007
W2105894416,W3142947634,2007
W2105894416,W3148940546,2007
W2105894416,W2006728375,2007
W2105894416,W2166279335,2007
W2105894416,W136202409,2007
W2105894416,W6960348822,2007
W2105894416,W155077294,2007
W2105894416,W2479394696,2007
W2105894416,W2118908268,2007
W2105894416,W2490986589,2007
W2105894416,W3198415836,2007
W2105894416,W2109229439,2007
W2105894416,W628496537,2007
W2105894416,W2036194017,2007
W2105894416,W2735185254,2007
W2105894416,W1972197433,2007
W2105894416,W2172175635,2007
W2105894416,W77717277,2007
W2105894416,W2141018272,2007
W2105894416,W2745201332,2007
W2105894416,W1581697293,2007
W2145598348,W6602973900,2007
W2145598348,W2024740835,2007
W2145598348,W4211005793,2007
W2145598348,W2100650126,2007
W2145598348,W2163153966,2007
W2145598348,W1970669644,2007
W2145598348,W1974028248,2007
W2145598348,W4255692800,2007
W2145598348,W2168629566,2007
W2145598348,W6601543063,2007
W2145598348,W6631108473,2007
W2145598348,W4298854623,2007
W2145598348,W2116161261,2007
W2145598348,W4256649425,2007
W2145598348,W28122415,2007
W2145598348,W3142947634,2007
W2145598348,W6713135706,2007
W2145598348,W2052255065,2007
W2145598348,W1506703398,2007
W2145598348,W1529253181,2007
W2145598348,W2034694694,2007
W2145598348,W2089029652,2007
W2145598348,W1525490843,2007
W2145598348,W2007615973,2007
W2145598348,W1996729471,2007
W2145598348,W2612910618,2007
W2145598348,W2146354725,2007
W2145598348,W2404790153,2007
W2145598348,W2172175635,2007
W2145598348,W71307343,2007
W2145598348,W38359971,2007
W2145598348,W1491793071,2007
W2119828234,W2115043726,2007
W2119828234,W2140036595,2007
W2119828234,W2117589606,2007
W2119828234,W1741471588,2007
W2119828234,W2131737623,2007
W2119828234,W4233027318,2007
W2119828234,W4247799760,2007
W2119828234,W2132881639,2007
W2119828234,W2055493536,2007
W2119828234,W4239356981,2007
W2119828234,W4242633956,2007
W2119828234,W1544607580,2007
W2119828234,W2103611099,2007
W2119828234,W1992824033,2007
W2119828234,W2101445598,2007
W2119828234,W2126249051,2007
W2119828234,W1571998446,2007
W2119828234,W2076098167,2007
W2119828234,W36724221,2007
W2119828234,W2319606652,2007
W2119828234,W2041763462,2007
W2119828234,W2157935651,2007
W2119828234,W1989528006,2007
W2119828234,W1998079575,2007
W2119828234,W1996077190,2007
W2119828234,W1992363406,2007
W2119828234,W2075775001,2007
W2119828234,W2037894668,2007
W2119828234,W2076403505,2007
W2119828234,W2329894162,2007
W2119828234,W2335653399,2007
W2119828234,W1553180818,2007
W2119828234,W2111193261,2007
W2119828234,W1566413315,2007
W2119828234,W2011309176,2007
W2119828234,W2116401686,2007
W2119828234,W1855283887,2007
W2119828234,W2118016181,2007
W2119828234,W2122912498,2007
W2119828234,W2104658797,2007
W2119828234,W2024655380,2007
W2119828234,W2105455604,2007
W2119828234,W2052382995,2007
W2119828234,W1995332866,2007
W2119828234,W2317921731,2007
W2119828234,W2138759851,2007
W2119828234,W1996021714,2007
W2119828234,W2161578418,2007
W2119828234,W2053107404,2007
W2119828234,W1595090242,2007
W2119828234,W2071421369,2007
W2119828234,W2164008187,2007
W2119828234,W2068370738,2007
W2119828234,W2332187000,2007
W2119828234,W4285719527,2007
W2119828234,W2020340044,2007
W2119828234,W2318811925,2007
W2119828234,W1991623719,2007
W2119828234,W2009480226,2007
W2119828234,W2136733069,2007
W2119828234,W2070854196,2007
W2119828234,W2059334100,2007
W2119828234,W2097273566,2007
W2119828234,W2067611615,2007
W2119828234,W2070432988,2007
W2119828234,W2115340043,2007
W2119828234,W2685613036,2007
W2119828234,W2009341095,2007
W2119828234,W1971440513,2007
W2119828234,W2048653815,2007
W2119828234,W2091956989,2007
W2119828234,W3150686315,2007
W2119828234,W2110751729,2007
W2119828234,W2090953126,2007
W2119828234,W2169114931,2007
W2119828234,W2115084472,2007
W2119828234,W1967856994,2007
W2119828234,W2029400295,2007
W2119828234,W2041262446,2007
W2119828234,W2092032363,2007
W2119828234,W1988886549,2007
W2119828234,W2083470075,2007
W2119828234,W2317414311,2007
W2119828234,W1995951555,2007
W2119828234,W2151809371,2007
W2150770193,W2068306188,2007
W2150770193,W2032309817,2007
W2150770193,W6634702315,2007
W2150770193,W6602678577,2007
W2150770193,W2107940287,2007
W2150770193,W6675081743,2007
W2150770193,W2167482691,2007
W2150770193,W2144394238,2007
W2150770193,W2136834900,2007
W2150770193,W2104706725,2007
W2150770193,W6601064225,2007
W2150770193,W2146048051,2007
W2150770193,W1504716054,2007
W2150770193,W1531848040,2007
W2150770193,W2208332410,2007
W2150770193,W2000856020,2007
W2150770193,W2087847745,2007
W2150770193,W2132964407,2007
W2150770193,W2159297051,2007
W2150770193,W6680676901,2007
W2150770193,W2075220720,2007
W2150770193,W4253380179,2007
W2150770193,W2106302614,2007
W2150770193,W1993382237,2007
W2150770193,W4240741347,2007
W2150770193,W1540361236,2007
W2150770193,W6654554885,2007
W2150770193,W6676153268,2007
W2150770193,W2114030927,2007
W2150770193,W6639300618,2007
W2150770193,W2121947440,2007
W2150770193,W3159998597,2007
W2150770193,W2062283315,2007
W2150770193,W2102664288,2007
W2150770193,W2138959470,2007
W2150770193,W2500965032,2007
W2150770193,W1597508330,2007
W2150770193,W1578099820,2007
W2150770193,W25253903,2007
W2150770193,W1931404780,2007
W2150770193,W4285719527,2007
W2150770193,W2132540527,2007
W2150770193,W2035180740,2007
W2150770193,W2108157916,2007
W2150770193,W2764023592,2007
W2150770193,W2999104210,2007
W2150770193,W3046848437,2007
W2150770193,W2497523875,2007
W2150770193,W2100112610,2007
W2150770193,W1883466813,2007
W2150770193,W2026048928,2007
W2150770193,W2589925071,2007
W2150770193,W2177058407,2007
W2150770193,W23178467,2007
W2150770193,W2763753778,2007
W2150770193,W2016677154,2007
W2150770193,W2140856831,2007
W2150770193,W65132813,2007
W2111347866,W4242777928,2007
W2111347866,W2113630591,2007
W2111347866,W2104075446,2007
W2111347866,W2140750463,2007
W2111347866,W4291733759,2007
W2111347866,W3148940546,2007
W2111347866,W2128496306,2007
W2111347866,W6605513912,2007
W2111347866,W2157316473,2007
W2111347866,W2064650227,2007
W2111347866,W3144904622,2007
W2111347866,W2128712108,2007
W2111347866,W1557977305,2007
W2111347866,W2147468287,2007
W2111347866,W2145640629,2007
W2111347866,W2025441910,2007
W2111347866,W2062779075,2007
W2111347866,W2132174862,2007
W2111347866,W2148606196,2007
W2111347866,W1779394697,2007
W2111347866,W2144320230,2007
W2111347866,W21469323,2007
W2111347866,W2099305423,2007
W2111347866,W2167306162,2007
W2111347866,W2121671443,2007
W2111347866,W950821216,2007
W2111347866,W2153039146,2007
W2111347866,W2112090702,2007
W2111347866,W2014433515,2007
W2111347866,W4247556202,2007
W2111347866,W2140293566,2007
W2111347866,W2056915401,2007
W2111347866,W1501867204,2007
W2111347866,W2158169170,2007
W2111347866,W2102664288,2007
W2111347866,W2107139603,2007
W2111347866,W2015370254,2007
W2111347866,W2118908268,2007
W2111347866,W2150925050,2007
W2111347866,W165441536,2007
W2111347866,W1947595544,2007
W2111347866,W1971788485,2007
W2111347866,W1546650522,2007
W2111347866,W4285719527,2007
W2111347866,W136978531,2007
W2165467901,W4237375617,2007
W2165467901,W2162050428,2007
W2165467901,W2121932969,2007
W2165467901,W2153104460,2007
W2165467901,W2094268308,2007
W2165467901,W4244964812,2007
W2165467901,W2109113588,2007
W2165467901,W6630705579,2007
W2165467901,W1987063546,2007
W2165467901,W2071194258,2007
W2165467901,W4244211298,2007
W2165467901,W2050427657,2007
W2165467901,W2106480295,2007
W2165467901,W1976087569,2007
W2165467901,W2122350709,2007
W2165467901,W3139661953,2007
W2165467901,W2069266228,2007
W2165467901,W6638536343,2007
W2165467901,W4245217443,2007
W2165467901,W2148892779,2007
W2165467901,W2093772787,2007
W2165467901,W2105683323,2007
W2165467901,W1512287614,2007
W2165467901,W1514185212,2007
W2165467901,W2148870222,2007
W2165467901,W1823329909,2007
W2105552354,W2147846431,2007
W2105552354,W2093331871,2007
W2105552354,W2101096043,2007
W2105552354,W6635087998,2007
W2105552354,W2134871905,2007
W2105552354,W6630882978,2007
W2105552354,W2017756939,2007
W2105552354,W1614123336,2007
W2105552354,W6604372201,2007
W2105552354,W1977150168,2007
W2105552354,W2165741325,2007
W2105552354,W2131737623,2007
W2105552354,W1985381061,2007
W2105552354,W2142094977,2007
W2105552354,W2132881639,2007
W2105552354,W2069235736,2007
W2105552354,W4238998169,2007
W2105552354,W6737196483,2007
W2105552354,W2126249051,2007
W2105552354,W2052255065,2007
W2105552354,W1997111375,2007
W2105552354,W1516293359,2007
W2105552354,W2612304202,2007
W2105552354,W1996136679,2007
W2105552354,W106656158,2007
W2105552354,W1588957466,2007
W2148725305,W1557074680,2007
W2148725305,W2072644219,2007
W2148725305,W6675875803,2007
W2148725305,W2787894218,2007
W2148725305,W1838945765,2007
W2148725305,W2106738877,2007
W2148725305,W2100873065,2007
W2148725305,W6638575021,2007
W2148725305,W4251304284,2007
W2148725305,W6681293726,2007
W2148725305,W1967969088,2007
W2148725305,W3146226471,2007
W2148725305,W4292156489,2007
W2148725305,W4249229109,2007
W2148725305,W1988253520,2007
W2148725305,W2101740575,2007
W2148725305,W2442495973,2007
W2148725305,W2145436368,2007
W2148725305,W2097236039,2007
W2148725305,W2143079781,2007
W2148725305,W2153675946,2007
W2148725305,W1480376833,2007
W2148725305,W4205685297,2007
W2148725305,W1828401780,2007
W2148725305,W2136452290,2007
W2148725305,W2111736285,2007
W2148725305,W2949496004,2007
W2148725305,W1551225669,2007
W2148725305,W2097973429,2007
W2148725305,W2105057414,2007
W2148725305,W2115755118,2007
W2148725305,W3021971632,2007
W2148725305,W1574901103,2007
W2148725305,W2963074848,2007
W2152922709,W1988772517,2007
W2152922709,W1980931468,2007
W2152922709,W1973589960,2007
W2152922709,W2151530263,2007
W2152922709,W2132881639,2007
W2152922709,W2053690843,2007
W2152922709,W2160382748,2007
W2152922709,W6737196483,2007
W2152922709,W4237462920,2007
W2152922709,W1996136679,2007
W2152922709,W2612304202,2007
W2152922709,W4251351905,2007
W2152922709,W2470106867,2007
W2152922709,W2079201812,2007
W2122993881,W6680271166,2007
W2122993881,W1990041608,2007
W2122993881,W1500047064,2007
W2122993881,W2130968124,2007
W2122993881,W1997000123,2007
W2122993881,W2117495386,2007
W2122993881,W2107344515,2007
W2122993881,W2089192828,2007
W2122993881,W3140934085,2007
W2122993881,W2023534772,2007
W2122993881,W2140501570,2007
W2122993881,W2402189245,2007
W2122993881,W6631473282,2007
W2122993881,W2138469265,2007
W2122993881,W1599511619,2007
W2122993881,W2164429073,2007
W2122993881,W1986464856,2007
W2122993881,W4240670390,2007
W2122993881,W6785681965,2007
W2122993881,W6638536343,2007
W2122993881,W2496366957,2007
W2122993881,W3139654456,2007
W2122993881,W2141018272,2007
W2122993881,W4246701120,2007
W2122993881,W2079610125,2007
W2122993881,W1526083711,2007
W2122993881,W4400201787,2007
W2122993881,W1823329909,2007
W2122993881,W2491091343,2007
W2122993881,W147981836,2007
W2122993881,W2155179974,2007
W2122993881,W2103994377,2007
W2122993881,W2133850057,2007
W2161133721,W1998705278,2007
W2161133721,W4242788393,2007
W2161133721,W2124262094,2007
W2161133721,W2138199375,2007
W2161133721,W2106588364,2007
W2161133721,W2086050593,2007
W2161133721,W2069324208,2007
W2161133721,W2023883112,2007
W2161133721,W2055351791,2007
W2161133721,W3144904622,2007
W2161133721,W2151530263,2007
W2161133721,W6603857187,2007
W2161133721,W6676222272,2007
W2161133721,W2041470012,2007
W2161133721,W1969045498,2007
W2161133721,W2126249051,2007
W2161133721,W2097267403,2007
W2161133721,W4242483164,2007
W2161133721,W6681520418,2007
W2161133721,W2144373617,2007
W2161133721,W1964883191,2007
W2161133721,W2089163241,2007
W2161133721,W2006742765,2007
W2161133721,W4236888462,2007
W2161133721,W4237375617,2007
W2161133721,W2147846431,2007
W2161133721,W2029422417,2007
W2161133721,W2041277401,2007
W2161133721,W2143772272,2007
W2161133721,W4247110399,2007
W2161133721,W4250367162,2007
W2161133721,W1735790193,2007
W2161133721,W6647294588,2007
W2161133721,W2106441507,2007
W2161133721,W2160382748,2007
W2161133721,W2050427657,2007
W2161133721,W1490482062,2007
W2161133721,W1546650522,2007
W2161133721,W2752491485,2007
W2161133721,W2017018978,2007
W2161133721,W4243432123,2007
W2161133721,W1509119510,2007
W2161133721,W2093050400,2007
W2161133721,W1823329909,2007
W2161133721,W1494785284,2007
W2161133721,W2028878459,2007
W2161133721,W2040278798,2007
W2161133721,W1987831789,2007
W2161133721,W2610881169,2007
W2161133721,W315075995,2007
W2161133721,W95867019,2007
W2161133721,W4238830249,2007
W2161133721,W1512287614,2007
W2161133721,W2079201812,2007
W2161133721,W2088003405,2007
W2161133721,W146699588,2007
W2161133721,W2331959951,2007
W2161133721,W4248910026,2007
W2161133721,W2074126466,2007
W2161133721,W2161581092,2007
W2161133721,W1996136679,2007
W2161133721,W4285719527,2007
W2161133721,W2750641468,2007
W2161133721,W1915480048,2007
W2161133721,W1528027857,2007
W2161133721,W2108443799,2007
W2161133721,W2142475346,2007
W2161133721,W1780765560,2007
W2105893525,W2145640629,2007
W2105893525,W4255692800,2007
W2105893525,W4245891287,2007
W2105893525,W6601971583,2007
W2105893525,W1891260136,2007
W2105893525,W2114039576,2007
W2105893525,W2149874318,2007
W2105893525,W2067862350,2007
W2105893525,W2006090350,2007
W2105893525,W6605513912,2007
W2105893525,W2165741325,2007
W2105893525,W2167306162,2007
W2105893525,W6674599414,2007
W2105893525,W6679461145,2007
W2105893525,W2433376622,2007
W2105893525,W2146872957,2007
W2105893525,W1798643589,2007
W2105893525,W48262261,2007
W2105893525,W136978531,2007
W2105893525,W2131898753,2007
W2105893525,W2034694694,2007
W2105893525,W2099166093,2007
W2105893525,W2102664288,2007
W2105893525,W2117149238,2007
W2105893525,W2005780364,2007
W2007738535,W2159262688,2007
W2007738535,W2080149510,2007
W2007738535,W2075809334,2007
W2007738535,W2136218087,2007
W2007738535,W2146402040,2007
W2007738535,W2103573098,2007
W2007738535,W1970022459,2007
W2007738535,W2023846932,2007
W2007738535,W2172146914,2007
W2007738535,W1973787390,2007
W2007738535,W1993747944,2007
W2007738535,W2089888367,2007
W2007738535,W2899740253,2007
W2150014546,W2128740872,2007
W2150014546,W6602632112,2007
W2150014546,W2033480436,2007
W2150014546,W2108075477,2007
W2150014546,W2088777339,2007
W2150014546,W1990988357,2007
W2150014546,W6687252957,2007
W2150014546,W2110202581,2007
W2150014546,W2049793584,2007
W2150014546,W2012703196,2007
W2150014546,W2104914504,2007
W2150014546,W2036526981,2007
W2150014546,W2037099097,2007
W2150014546,W1526998942,2007
W2150014546,W95235219,2007
W2150014546,W2190890972,2007
W2150014546,W64975490,2007
W2150014546,W2059426864,2007
W2112426855,W2032033784,2007
W2112426855,W2097345819,2007
W2112426855,W2138434937,2007
W2112426855,W1735790193,2007
W2112426855,W2143275903,2007
W2112426855,W4245891287,2007
W2112426855,W2074494141,2007
W2112426855,W3020938086,2007
W2112426855,W4241795643,2007
W2112426855,W2089463122,2007
W2112426855,W1969684495,2007
W2112426855,W2146872957,2007
W2112426855,W1978478796,2007
W2112426855,W70321236,2007
W2109650788,W7034274423,2007
W2109650788,W2083498763,2007
W2109650788,W2123551394,2007
W2109650788,W1595622497,2007
W2109650788,W2021121433,2007
W2109650788,W6675736494,2007
W2109650788,W3148562542,2007
W2109650788,W2109113588,2007
W2109650788,W4388314948,2007
W2109650788,W2128938146,2007
W2109650788,W2151003932,2007
W2109650788,W3151111735,2007
W2109650788,W3150686315,2007
W2109650788,W2101445598,2007
W2109650788,W1992825118,2007
W2109650788,W2044145621,2007
W2109650788,W2101906254,2007
W2074618668,W6750327580,2007
W2074618668,W6841554303,2007
W2074618668,W6681724827,2007
W2074618668,W2090284774,2007
W2074618668,W2091756462,2007
W2074618668,W2121932969,2007
W2074618668,W2544460974,2007
W2074618668,W2479845879,2007
W2074618668,W2126751313,2007
W2074618668,W2003430873,2007
W2074618668,W2025806643,2007
W2074618668,W2090088512,2007
W2074618668,W2144995353,2007
W2074618668,W136202409,2007
W2074618668,W4390565523,2007
W2074618668,W2798790754,2007
W2074618668,W1561994421,2007
W2074618668,W2112751416,2007
W1601859143,W1972339281,2007
W1601859143,W2076653827,2007
W1601859143,W2142225493,2007
W1601859143,W2166947480,2007
W1601859143,W2145646037,2007
W1601859143,W2148775223,2007
W1601859143,W2047046780,2007
W1601859143,W2166334656,2007
W1601859143,W2129086861,2007
W1601859143,W2053866159,2007
W1601859143,W2102074734,2007
W1601859143,W1775412516,2007
W1601859143,W2086422077,2007
W1601859143,W2169166445,2007
W1601859143,W2170839387,2007
W1601859143,W2029883763,2007
W1601859143,W2089875636,2007
W1601859143,W2123519478,2007
W1601859143,W2133420504,2007
W1601859143,W2099984385,2007
W1601859143,W2138290184,2007
W1601859143,W2034694694,2007
W1505764933,W2031141876,2007
W1505764933,W1992606915,2007
W1505764933,W1995094383,2007
W1505764933,W2101092654,2007
W1505764933,W2147109806,2007
W1505764933,W2131520349,2007
W1505764933,W2323067647,2007
W1505764933,W2142106840,2007
W1505764933,W2046615035,2007
W1505764933,W2040695018,2007
W1505764933,W2104832179,2007
W1505764933,W2144937933,2007
W1505764933,W8289804,2007
W1505764933,W2105751430,2007
W1505764933,W173325800,2007
W1505764933,W2906817826,2007
W1505764933,W2115113434,2007
W1505764933,W2023534772,2007
W1505764933,W2073470731,2007
W1505764933,W2103068632,2007
W1505764933,W2242798320,2007
W1505764933,W2115304611,2007
W1505764933,W1482721913,2007
W1505764933,W2060126374,2007
W1505764933,W2150643931,2007
W1505764933,W2130218405,2007
W1505764933,W2143855770,2007
W1505764933,W1823329909,2007
W1505764933,W2071148027,2007
W1505764933,W2030420539,2007
W2097216370,W2042862761,2007
W2097216370,W1504764518,2007
W2097216370,W1992878451,2007
W2097216370,W2107494622,2007
W2097216370,W2265855762,2007
W2097216370,W2103822396,2007
W2097216370,W2047046780,2007
W2097216370,W2166947480,2007
W2097216370,W2118046314,2007
W2097216370,W2167889627,2007
W2097216370,W2167915891,2007
W2097216370,W183798233,2007
W2097216370,W2081181113,2007
W2097216370,W2100650126,2007
W2097216370,W1984072195,2007
W2097216370,W2037647672,2007
W2097216370,W2145646037,2007
W2097216370,W2129086861,2007
W2097216370,W2115129812,2007
W2097216370,W1976160686,2007
W2097216370,W2011193644,2007
W2126014629,W2096484428,2007
W2126014629,W2109143255,2007
W2126014629,W1597405158,2007
W2126014629,W2148420597,2007
W2126014629,W2126529813,2007
W2126014629,W2544794140,2007
W2126014629,W2008670488,2007
W2126014629,W2054501662,2007
W2126014629,W1679913846,2007
W2126014629,W2109845109,2007
W2126014629,W2126560733,2007
W2126014629,W2118780007,2007
W2126014629,W2127534511,2007
W2126014629,W2104441030,2007
W2126014629,W2155052436,2007
W2126014629,W2170839387,2007
W2126014629,W2107699930,2007
W2126014629,W2032892927,2007
W2126014629,W2106370129,2007
W2126014629,W2157158577,2007
W1538594196,W2006090350,2007
W1538594196,W2169702589,2007
W1538594196,W1519267917,2007
W1538594196,W2083434792,2007
W1538594196,W2126783569,2007
W1538594196,W1518026221,2007
W1538594196,W2114938203,2007
W1538594196,W2089668287,2007
W1538594196,W1974170312,2007
W1538594196,W2326341486,2007
W1538594196,W1997191682,2007
W1538594196,W2023846932,2007
W1538594196,W2106281550,2007
W1538594196,W2099805804,2007
W1538594196,W2135962591,2007
W1538594196,W2100082357,2007
W1538594196,W2133970835,2007
W1538594196,W2069324208,2007
W1538594196,W2130968124,2007
W1538594196,W1624366396,2007
W1538594196,W2151475658,2007
W1538594196,W2077103107,2007
W1538594196,W2104499852,2007
W1542393085,W1978418571,2007
W1542393085,W2140700264,2007
W1542393085,W2150415161,2007
W1542393085,W2014365926,2007
W1542393085,W2106869828,2007
W1542393085,W2030420539,2007
W1542393085,W2117511222,2007
W1542393085,W155597994,2007
W1542393085,W1551627518,2007
W1542393085,W2145800914,2007
W1542393085,W2102841927,2007
W1542393085,W2158733641,2007
W1542393085,W1516088094,2007
W1542393085,W1983985737,2007
W1542393085,W2060556621,2007
W1542393085,W2131706088,2007
W1542393085,W2295276720,2007
W2101851599,W2085836993,2007
W2101851599,W2100325580,2007
W2101851599,W1992419399,2007
W2101851599,W2125101937,2007
W2101851599,W2009539575,2007
W2101851599,W2135970241,2007
W2101851599,W2010265430,2007
W2101851599,W1498053278,2007
W2101851599,W2060384859,2007
W2101851599,W2229412420,2007
W2101851599,W2035769032,2007
W2101851599,W2017925635,2007
W2101851599,W3099514962,2007
W2101851599,W2025258243,2007
W2101851599,W2049043328,2007
W2101851599,W2003669746,2007
W2101851599,W2170902558,2007
W2101851599,W2010813131,2007
W2101851599,W2051826135,2007
W1591753261,W1567502308,2007
W1591753261,W2056229121,2007
W1591753261,W2049391017,2007
W1591753261,W2011658854,2007
W1591753261,W2177220821,2007
W1591753261,W2116040950,2007
W1591753261,W2054113582,2007
W1591753261,W2106275081,2007
W1591753261,W1991113069,2007
W1591753261,W2060863649,2007
W1591753261,W2135609792,2007
W1591753261,W3138447845,2007
W1591753261,W2083586903,2007
W1591753261,W1966852952,2007
W1591753261,W2145347746,2007
W1591753261,W2045849310,2007
W1591753261,W1753524162,2007
W1591753261,W2104095591,2007
W1591753261,W1970846581,2007
W1591753261,W2134820502,2007
W1591753261,W2164213525,2007
W1591753261,W2114487471,2007
W1591753261,W2132363464,2007
W1591753261,W2095326847,2007
W2100707094,W2016611327,2007
W2100707094,W2899348371,2007
W2100707094,W2118558730,2007
W2100707094,W2097754443,2007
W2100707094,W2101417192,2007
W2100707094,W2019187323,2007
W2100707094,W2153994497,2007
W2100707094,W2075046998,2007
W2100707094,W2029329906,2007
W2100707094,W1998833966,2007
W2100707094,W2052661379,2007
W2100707094,W2120941567,2007
W2100707094,W1621614599,2007
W2100707094,W2293626636,2007
W2100707094,W2101832822,2007
W2100707094,W2105943923,2007
W2100707094,W1983985737,2007
W2100707094,W1980134726,2007
W2100707094,W1981220214,2007
W2100707094,W2121714055,2007
W2100707094,W1499902060,2007
W1482531518,W2171904101,2007
W1482531518,W2095105262,2007
W1482531518,W2082291021,2007
W1482531518,W1981799239,2007
W1482531518,W2047257058,2007
W1482531518,W3023018938,2007
W1482531518,W2126395339,2007
W1482531518,W2987778189,2007
W1482531518,W1971434813,2007
W1482531518,W1633060564,2007
W1482531518,W2164455316,2007
W1482531518,W2137748495,2007
W1482531518,W193354966,2007
W1482531518,W2003695416,2007
W1482531518,W2018733613,2007
W1482531518,W1884010341,2007
W1482531518,W628092795,2007
W1482531518,W2039812347,2007
W1482531518,W2151530263,2007
W1482531518,W1979176272,2007
W1482531518,W2118413530,2007
W1482531518,W2145800914,2007
W1482531518,W2138199375,2007
W1482531518,W2157464891,2007
W1482531518,W1976638764,2007
W1482531518,W2965892125,2007
W1482531518,W2026354027,2007
W2119584770,W2104832179,2007
W2119584770,W2167433674,2007
W2119584770,W2138845263,2007
W2119584770,W1999616998,2007
W2119584770,W2164042211,2007
W2119584770,W2087606520,2007
W2119584770,W2080193026,2007
W2119584770,W2104386376,2007
W2119584770,W2106302614,2007
W2119584770,W2114975239,2007
W2119584770,W2107593895,2007
W2119584770,W2137748495,2007
W2119584770,W2114032261,2007
W2119584770,W2152122225,2007
W2119584770,W2095497903,2007
W2119584770,W2137912406,2007
W2119584770,W296178845,2007
W2119584770,W2071148027,2007
W2119584770,W2115627910,2007
W2119584770,W2545101337,2007
W2119584770,W2073470731,2007
W2119584770,W2147109806,2007
W2119584770,W1541722264,2007
W2119584770,W2108805659,2007
W2119584770,W2028345935,2007
W2119584770,W2001864930,2007
W2119584770,W2114844286,2007
W2119584770,W2144937933,2007
W2119584770,W1857102706,2007
W2119584770,W2119765686,2007
W2119584770,W1482721913,2007
W2119584770,W2115304611,2007
W2119584770,W2129053762,2007
W2119584770,W2105751430,2007
W1504523017,W2145800914,2007
W1504523017,W2017018978,2007
W1504523017,W2126470108,2007
W1504523017,W2127534511,2007
W1504523017,W2072829559,2007
W1504523017,W2089875636,2007
W1504523017,W1980452231,2007
W1504523017,W1484471363,2007
W1504523017,W1978841917,2007
W1504007998,W2103018815,2007
W1504007998,W2294340484,2007
W1504007998,W1986701081,2007
W1504007998,W2038265284,2007
W1504007998,W2125107418,2007
W1504007998,W2101445598,2007
W1504007998,W2143176882,2007
W1504007998,W2103611099,2007
W1504007998,W2168899303,2007
W1500473479,W1504716054,2007
W1500473479,W2114989451,2007
W1500473479,W1505212313,2007
W1500473479,W1860927391,2007
W1500473479,W3022981850,2007
W1500473479,W2035714779,2007
W1500473479,W1531848040,2007
W1500473479,W2075220720,2007
W1500473479,W1823329909,2007
W1500473479,W2146279766,2007
W1500473479,W2167482691,2007
W1500473479,W144624054,2007
W1500473479,W2060181055,2007
W1500473479,W2118877187,2007
W1598669012,W1521924658,2007
W1598669012,W2147798083,2007
W1598669012,W2134725295,2007
W1598669012,W3201062290,2007
W1598669012,W2126816902,2007
W1598669012,W2147756293,2007
W1598669012,W2143607173,2007
W1598669012,W2156627309,2007
W1598669012,W2294248264,2007
W1598669012,W2079017595,2007
W1598669012,W114245999,2007
W1598669012,W2229412420,2007
W1598669012,W1826774951,2007
W1598669012,W1973018590,2007
W1598669012,W2099953968,2007
W1598669012,W1536249158,2007
W1598669012,W2998100778,2007
W1598669012,W1563090239,2007
W1598669012,W2002088038,2007
W1598669012,W1661064697,2007
W2285670967,W2168047527,2007
W2285670967,W2146520578,2007
W2285670967,W2162336725,2007
W2285670967,W2113914890,2007
W2285670967,W2144655566,2007
W2285670967,W1598358187,2007
W2285670967,W2161581092,2007
W2285670967,W2152755317,2007
W2285670967,W2103822396,2007
W2285670967,W1963822838,2007
W2285670967,W2097236039,2007
W2285670967,W1984072195,2007
W2285670967,W1916757608,2007
W2285670967,W1495354255,2007
W2285670967,W2000994652,2007
W1495123920,W2120602507,2007
W1495123920,W2016387985,2007
W1495123920,W1576343377,2007
W1495123920,W2164741953,2007
W1495123920,W2150128927,2007
W1495123920,W82742382,2007
W1495123920,W1590218343,2007
W1495123920,W2038648663,2007
W1495123920,W2155119349,2007
W1495123920,W2132669360,2007
W1495123920,W2113001609,2007
W1495123920,W2149754654,2007
W1495123920,W2750015627,2007
W1495123920,W1972489345,2007
W1495123920,W2130630043,2007
W1521358531,W84627783,2007
W1521358531,W1978802009,2007
W1521358531,W1964293231,2007
W1521358531,W1735790193,2007
W1521358531,W2084393813,2007
W1521358531,W1995364121,2007
W1521358531,W2028544000,2007
W1521358531,W1595661905,2007
W1521358531,W2059861094,2007
W1521358531,W2101284865,2007
W1521358531,W2101579010,2007
W2100112610,W4253380179,2007
W2100112610,W1533210402,2007
W2100112610,W1997952588,2007
W2100112610,W1522840240,2007
W2100112610,W2146279766,2007
W2100112610,W4231431925,2007
W2100112610,W6675077570,2007
W2100112610,W2100112610,2007
W2100112610,W1531848040,2007
W2100112610,W2138959470,2007
W2100112610,W2000856020,2007
W2100112610,W6639300618,2007
W2100112610,W2144394238,2007
W2100112610,W1504716054,2007
W2100112610,W1993382237,2007
W2100112610,W2132964407,2007
W2100112610,W2122376525,2007
W2100112610,W1479959009,2007
W2100112610,W6600854493,2007
W2100112610,W2125901667,2007
W2100112610,W2108157916,2007
W2100112610,W2062283315,2007
W2100112610,W6601064225,2007
W2100112610,W6604520754,2007
W2100112610,W2150770193,2007
W2100112610,W2167482691,2007
W2100112610,W2066352890,2007
W2100112610,W2075220720,2007
W2100112610,W4250624045,2007
W2100112610,W6634123967,2007
W2100112610,W2102664288,2007
W2100112610,W2100166969,2007
W2100112610,W1573473549,2007
W2100112610,W2118877187,2007
W2100112610,W25253903,2007
W2100112610,W1883466813,2007
W2100112610,W2094837450,2007
W2100112610,W4285719527,2007
W2100112610,W21202130,2007
W2100112610,W2115043726,2007
W2100112610,W2102323492,2007
W2100112610,W1931404780,2007
W2100112610,W1524145331,2007
W2100112610,W23178467,2007
W2100112610,W109627659,2007
W2397068132,W2036057884,2007
W2397068132,W2048397240,2007
W2397068132,W2160216174,2007
W2397068132,W1608746480,2007
W2397068132,W2119138987,2007
W2397068132,W2015903552,2007
W2397068132,W2077064255,2007
W2397068132,W1968280571,2007
W2397068132,W2064653779,2007
W2397068132,W1977575535,2007
W2397068132,W2087639010,2007
W2397068132,W2109863423,2007
W2397068132,W2171964619,2007
W2397068132,W2022735534,2007
W2397068132,W1552450578,2007
W2397068132,W2080720117,2007
W2125115238,W2075220720,2007
W2125115238,W2128712108,2007
W2125115238,W2157316473,2007
W2125115238,W1972501876,2007
W2125115238,W2128115980,2007
W2125115238,W2058162908,2007
W2125115238,W2169528473,2007
W2125115238,W1479863711,2007
W2125115238,W2148733565,2007
W2125115238,W2166220529,2007
W2125115238,W2095420020,2007
W2125115238,W2494779131,2007
W2125115238,W2100973677,2007
W2125115238,W2103140580,2007
W1498164374,W2133729338,2007
W1498164374,W2171330332,2007
W1498164374,W2104744826,2007
W1498164374,W2117698763,2007
W1498164374,W2138964455,2007
W1498164374,W2113270839,2007
W1498164374,W2065380250,2007
W1498164374,W2028345935,2007
W1498164374,W2128205813,2007
W1498164374,W1566368032,2007
W1498164374,W2541114472,2007
W1498164374,W1975230801,2007
W1498164374,W2163189457,2007
W2144241057,W1482753234,2007
W2144241057,W124446894,2007
W2144241057,W116029855,2007
W2144241057,W2103822396,2007
W2144241057,W1510645397,2007
W2144241057,W1898724844,2007
W2144241057,W1984072195,2007
W2144241057,W2068489605,2007
W2144241057,W2242187030,2007
W2144241057,W2146520578,2007
W2144241057,W1600704669,2007
W2144241057,W2171373347,2007
W2144241057,W1515913836,2007
W2144241057,W2114313114,2007
W1486120306,W2166947480,2007
W1486120306,W2161200279,2007
W1486120306,W2085658629,2007
W1486120306,W2126321334,2007
W1486120306,W2013088214,2007
W1486120306,W2051183365,2007
W1486120306,W2110101096,2007
W1486120306,W1734878544,2007
W1486120306,W2796639075,2007
W1486120306,W1547815374,2007
W1486120306,W2129905273,2007
W1486120306,W3217380390,2007
W1486120306,W2078812389,2007
W1486120306,W2110028027,2007
W1486120306,W2126415191,2007
W1486120306,W2067109353,2007
W1486120306,W1823329909,2007
W1486120306,W2058333183,2007
W2113083397,W2147100432,2007
W2113083397,W1715317169,2007
W2113083397,W2116707521,2007
W2113083397,W2139158372,2007
W2113083397,W1974849326,2007
W2113083397,W2141456592,2007
W2113083397,W2079810663,2007
W2113083397,W2113169414,2007
W2113083397,W2110431535,2007
W2113083397,W2131456310,2007
W2113083397,W42025487,2007
W2113083397,W621194994,2007
W2113083397,W631955151,2007
W2113083397,W2229412420,2007
W2113083397,W2086858670,2007
W2113083397,W1576812352,2007
W2113083397,W2092122022,2007
W2113083397,W2049283648,2007
W2113083397,W1576270090,2007
W1637589710,W1992100915,2007
W1637589710,W3160888682,2007
W1637589710,W2113001609,2007
W1637589710,W58125256,2007
W1637589710,W2033319097,2007
W1637589710,W2095093669,2007
W1637589710,W1518163708,2007
W1637589710,W2295276720,2007
W1637589710,W2145800914,2007
W1637589710,W2031688130,2007
W1538591984,W2150898819,2007
W1538591984,W1501745944,2007
W1538591984,W2161983974,2007
W1538591984,W173635342,2007
W1538591984,W1523850749,2007
W1538591984,W1852250538,2007
W1538591984,W2138199375,2007
W1538591984,W1584906379,2007
W1538591984,W1559398413,2007
W1538591984,W2112468969,2007
W1538591984,W1551627518,2007
W1538591984,W2139123466,2007
W1538591984,W1550715322,2007
W1538591984,W2047257058,2007
W1538591984,W2137655192,2007
W2107182924,W2115123363,2007
W2107182924,W2148074865,2007
W2107182924,W2104292934,2007
W2107182924,W2117341474,2007
W2107182924,W1973320362,2007
W2107182924,W1995051353,2007
W2107182924,W1567550435,2007
W2107182924,W2075492994,2007
W2107182924,W2032325716,2007
W2107182924,W1987677786,2007
W2107182924,W2020570805,2007
W2107182924,W2160583131,2007
W2107182924,W2079713501,2007
W2107182924,W1596001587,2007
W2107182924,W2052116105,2007
W2107182924,W2126800856,2007
W2107182924,W2082246999,2007
W2107182924,W86501111,2007
W2107182924,W1969783366,2007
W2107182924,W2119386067,2007
W2107182924,W2118516278,2007
W2107182924,W2016040834,2007
W2107182924,W121622865,2007
W2107182924,W2156988816,2007
W2107182924,W2151328143,2007
W2107182924,W2130237124,2007
W2107182924,W2011795885,2007
W2107182924,W2104814434,2007
W2107182924,W2083574922,2007
W2107182924,W2072693842,2007
W2107182924,W2914128436,2007
W2107182924,W2156343066,2007
W1597839571,W1840862922,2007
W1597839571,W2118908268,2007
W1597839571,W65738273,2007
W1597839571,W1508121828,2007
W1597839571,W1978394996,2007
W1597839571,W1500060856,2007
W1597839571,W1496589961,2007
W1597839571,W2017956424,2007
W1597839571,W190320872,2007
W1597839571,W48943499,2007
W1597839571,W2115800223,2007
W1597839571,W2012856773,2007
W1597839571,W1980953672,2007
W1597839571,W2057828679,2007
W1597839571,W156361483,2007
W1597839571,W15066456,2007
W1597839571,W2143772272,2007
W1597839571,W2160374248,2007
W1597839571,W2153275212,2007
W1597839571,W1594761939,2007
W1597839571,W2106441507,2007
W1597839571,W2062170755,2007
W1597839571,W2615090770,2007
W1597839571,W274680021,2007
W1597839571,W53583053,2007
W1597839571,W1679913846,2007
W1496474480,W2158653433,2007
W1496474480,W2106441507,2007
W1496474480,W2098469281,2007
W1496474480,W2026506423,2007
W1496474480,W2156136663,2007
W1496474480,W1978027065,2007
W1496474480,W2285741519,2007
W1496474480,W2056363353,2007
W1496474480,W2083896568,2007
W1496474480,W1710511026,2007
W1496474480,W190320872,2007
W1496474480,W1916757608,2007
W1496474480,W2086050593,2007
W1496474480,W1972446373,2007
W1496474480,W2029182108,2007
W1496474480,W2069324208,2007
W1496474480,W2100107987,2007
W1496474480,W2117592631,2007
W1496474480,W1485200701,2007
W1496474480,W2174507869,2007
W1496474480,W2099305423,2007
W1496474480,W2161581092,2007
W1496474480,W2032769849,2007
W1496474480,W3141454743,2007
W1496474480,W2097457752,2007
W1866493243,W2128769229,2007
W1866493243,W2159891107,2007
W1866493243,W1562004179,2007
W1866493243,W2178846008,2007
W1866493243,W1551627518,2007
W1866493243,W2154503164,2007
W1866493243,W3041926377,2007
W1866493243,W2147545324,2007
W1866493243,W1560089794,2007
W1866493243,W2152935971,2007
W1866493243,W1584906379,2007
W1866493243,W2170832107,2007
W1866493243,W2018779169,2007
W1866493243,W1538831447,2007
W1866493243,W2164985618,2007
W1866493243,W32942142,2007
W1866493243,W2146950091,2007
W1866493243,W2997885238,2007
W2106692000,W2199888993,2007
W2106692000,W1978829594,2007
W2106692000,W2143254217,2007
W2106692000,W2107593895,2007
W2106692000,W2146680024,2007
W2106692000,W2003921286,2007
W2106692000,W2089876099,2007
W2106692000,W1974628665,2007
W2106692000,W1561591250,2007
W2106692000,W182490262,2007
W2106692000,W1570812985,2007
W2106692000,W2096577530,2007
W2106692000,W2100350068,2007
W2106692000,W2088736713,2007
W2106692000,W2092680645,2007
W2106692000,W2104377728,2007
W2106692000,W2093771294,2007
W2106692000,W2146310032,2007
W2106692000,W1999616998,2007
W2106692000,W2034154296,2007
W2110576593,W1987810558,2007
W2110576593,W1508165687,2007
W2110576593,W1996136679,2007
W2110576593,W1823329909,2007
W2110576593,W2155843307,2007
W2110576593,W55333121,2007
W2110576593,W1546610148,2007
W2110576593,W1558000335,2007
W2110576593,W2122218759,2007
W2110576593,W2039740901,2007
W2110576593,W2034636319,2007
W2110576593,W2038651474,2007
W2110576593,W2023534772,2007
W2110576593,W1631260214,2007
W2110576593,W2092840718,2007
W2110576593,W2610685016,2007
W2110576593,W2149028520,2007
W2110576593,W2149529535,2007
W2110576593,W2133062512,2007
W2110576593,W1588957466,2007
W2110576593,W199864195,2007
W2110576593,W2108048293,2007
W2089444016,W2093948066,2007
W2089444016,W6830071680,2007
W2089444016,W1977963381,2007
W2089444016,W2158307450,2007
W2089444016,W2153701374,2007
W2089444016,W1985363313,2007
W2089444016,W2155735325,2007
W2089444016,W2009726454,2007
W2089444016,W2142094977,2007
W2089444016,W2147471506,2007
W2089444016,W1986349338,2007
W2089444016,W2132881639,2007
W2089444016,W2000409982,2007
W2089444016,W2032998643,2007
W2089444016,W2164455316,2007
W2089444016,W2089058086,2007
W2089444016,W129678574,2007
W2089444016,W1996136679,2007
W2089444016,W2104927684,2007
W2089444016,W2965385724,2007
W2089444016,W2135635219,2007
W2089444016,W2037146600,2007
W2089444016,W125148691,2007
W2089444016,W114330277,2007
W2089444016,W2164429073,2007
W2089444016,W1557496348,2007
W2118302132,W7066634641,2007
W2118302132,W2589933932,2007
W2118302132,W1971781829,2007
W2118302132,W4233753981,2007
W2118302132,W2047876018,2007
W2118302132,W2134833836,2007
W2118302132,W1992795772,2007
W2118302132,W2033026902,2007
W2118302132,W2078724519,2007
W2118302132,W6820037572,2007
W2118302132,W1970530503,2007
W2118302132,W2006563349,2007
W2118302132,W1562381931,2007
W2118302132,W1988788350,2007
W2118302132,W2140031326,2007
W2118302132,W2062499875,2007
W2118302132,W2092230449,2007
W2118302132,W2070341951,2007
W2118302132,W2005198142,2007
W2118302132,W2114840592,2007
W2118302132,W2163438803,2007
W2118302132,W2170064244,2007
W2118302132,W2156317066,2007
W2118302132,W6666764880,2007
W2118302132,W6657918666,2007
W2118302132,W2094982166,2007
W2118302132,W2023178519,2007
W2118302132,W2056421308,2007
W2118302132,W2169551463,2007
W2118302132,W2093734326,2007
W2118302132,W2029654180,2007
W2118302132,W2014831996,2007
W2118302132,W2155843307,2007
W2118302132,W1541101632,2007
W2118302132,W2017756939,2007
W2118302132,W2610685016,2007
W2118302132,W86700617,2007
W2118302132,W2102773632,2007
W2118302132,W2117554888,2007
W2118302132,W1987563150,2007
W2118302132,W2896859887,2007
W2118302132,W2171924958,2007
W2118302132,W2097386504,2007
W2118302132,W4254537156,2007
W2118302132,W2065343501,2007
W2118302132,W2012417801,2007
W2118302132,W2009011487,2007
